2 0.11544359999993503 0.00017400000001543958 
4 0.0003388000000086322 9.230000000570726e-05 
10 0.00033660000008239876 9.279999994760146e-05 
15 0.0003487999999833846 9.690000001683075e-05 
20 0.0005972000000156186 0.00017079999997804407 
30 0.00088129999994635 0.0001234000000067681 
35 0.0004026000000294516 0.00012149999997745908 
40 0.0009421000000884305 0.00010269999995671242 
45 0.00041840000005777256 9.50999999531632e-05 
50 0.0003911999999672844 9.529999999813299e-05 
55 0.00040050000006885966 9.619999991627992e-05 
60 0.00040809999995872204 9.63999999612497e-05 
65 0.00041899999996530823 0.00012170000002242887 
80 0.00047889999996186816 9.669999997186096e-05 
100 0.0005284000000074229 0.00010320000001229346 
150 0.0007476000000679051 9.989999989556964e-05 
170 0.0009306999999125765 0.0001194999999825086 
200 0.001470100000005914 0.00011749999998755811 
250 0.0017278000000260363 0.00010700000007091148 
400 0.004881699999941702 0.00011349999999765714 
500 0.008102299999904972 0.00014559999999619322 
600 0.011723499999902742 0.00012230000004365138 
800 0.02407919999996011 0.00013420000004771282 
1000 0.03822309999998197 0.00014680000003863825 
2000 0.1661461999999574 0.00017170000000987784 
5000 1.0587659000000258 0.00027020000004540634 
10000 4.4514502000000675 0.0004288000000087777 
