2 0.12827389999998218 0.07631760000001009 
4 5.380000001764529e-05 1.6499999986763214e-05 
10 2.0100000000411455e-05 6.8999999882635166e-06 
15 2.830000002518318e-05 5.599999980177017e-06 
20 0.00039839999999458087 7.100000004811591e-06 
30 8.010000001945627e-05 7.159999998407329e-05 
35 3.309999999601132e-05 3.829999999993561e-05 
40 5.340000001297085e-05 0.00012619999998264575 
45 0.00017210000001455228 0.0001073999999903208 
50 0.00017120000001114022 0.00010539999999537031 
55 6.6399999980149e-05 0.00010750000001280569 
60 5.780000000754626e-05 0.00010199999999827014 
65 0.00014040000002069064 1.8799999992324956e-05 
80 0.0002768999999887001 2.250000000003638e-05 
100 0.0003239999999777865 3.320000001849621e-05 
150 0.00047269999998889034 0.00011549999999260763 
170 0.00038320000001590415 0.00013619999998581989 
200 0.0004058000000100037 0.00020539999999868996 
250 0.001325600000001259 0.001968900000008489 
400 0.0075080000000014024 0.0042309000000102515 
500 0.008817600000014636 0.004675699999978633 
600 0.010885099999995873 0.005761400000011463 
800 0.015262100000001055 0.010112999999989825 
1000 0.02471370000000661 0.022472899999996798 
2000 0.12181680000000483 0.1344688000000076 
5000 0.8123323000000084 2.037828200000007 
10000 3.3646592000000055 20.384730699999977 
