2 0.18581280000000788 0.0852666000000113 
4 5.8499999994410246e-05 1.9600000001673834e-05 
10 2.6300000001810986e-05 8.700000023509347e-06 
15 2.9299999994236714e-05 7.400000015422847e-06 
20 3.6800000003722744e-05 6.500000012010787e-06 
30 0.00020700000001738772 0.00042469999999639185 
35 0.00032260000000405853 0.00010779999999499523 
40 6.619999999202264e-05 1.8400000016072227e-05 
45 6.229999999618485e-05 1.8199999999524152e-05 
50 6.450000000768341e-05 1.989999998386338e-05 
55 7.569999999645916e-05 2.029999998853782e-05 
60 8.990000000608234e-05 2.119999999194988e-05 
65 9.879999998929634e-05 2.5300000004335743e-05 
80 0.0001117999999848962 2.6800000000548607e-05 
100 0.0001981999999998152 4.8600000013721e-05 
150 0.0003330999999775486 0.00013890000002447778 
170 0.0004071000000180902 0.0001756999999997788 
200 0.0004308999999977914 0.00026669999999739957 
250 0.0007914999999911743 0.0005041000000005624 
400 0.0038976999999817963 0.002408500000001368 
500 0.006495400000005702 0.003866199999976061 
600 0.010383000000018683 0.006592399999988174 
800 0.020046100000001843 0.014367899999996325 
1000 0.03129150000000891 0.02911069999998972 
2000 0.14738330000000133 0.16640970000000266 
5000 0.8956854999999848 2.595712700000007 
10000 3.371352900000005 16.36464429999998 
