2 0.1327408000001924 96 
4 4.360000002634479e-05 384 
10 1.610000026630587e-05 2400 
15 1.2099999821657548e-05 5400 
20 1.5899999652901897e-05 9600 
30 2.2199999875738285e-05 21600 
35 0.00011059999997087289 29400 
40 3.349999997226405e-05 38400 
45 3.2499999633728294e-05 48600 
50 4.130000024815672e-05 60000 
55 4.6300000121846097e-05 72600 
60 4.850000004807953e-05 86400 
65 5.919999966863543e-05 101400 
80 7.579999964946182e-05 153600 
100 0.00012929999957123073 240000 
150 0.00031380000018543797 540000 
170 0.00035570000000006985 693600 
200 0.0006278000000747852 960000 
250 0.0011352999999871827 1500000 
400 0.0042980999996871105 3840000 
500 0.006647999999586318 6000000 
600 0.0127041000000645 8640000 
800 0.024414600000000064 15360000 
1000 0.053260300000147254 24000000 
2000 0.3382632000002559 96000000 
5000 5.922051699999884 600000000 
10000 38.20442439999988 2400000000 
