2 0.11528229999998985 0.00025690000006761693 
4 0.00044749999995019607 9.010000007947383e-05 
10 0.00043029999994814716 9.170000009817159e-05 
15 0.0005830000000059954 9.76999999693362e-05 
20 0.00035200000002078013 9.679999993750243e-05 
30 0.0005884999999352658 0.00014320000002499 
35 0.0005563000000847751 0.00010739999993347737 
40 0.0003702000000203043 0.00010250000002542947 
45 0.00043689999995422113 9.900000009110954e-05 
50 0.0003811000000268905 0.00010150000002795423 
55 0.0003887000000304397 0.00010190000000420696 
60 0.0004717000000482585 0.00011019999999462016 
65 0.00042339999993146193 0.00011019999999462016 
80 0.0004695999999739797 0.00010450000002037996 
100 0.00056449999999586 0.0001090999999178166 
150 0.0008174999999255306 0.000107600000092134 
170 0.000940300000024763 0.00010699999995722465 
200 0.001145299999961935 0.0001094000000421147 
250 0.0015396000000009735 0.00011560000007193594 
400 0.005508100000042759 0.00014509999994061218 
500 0.008187500000076398 0.00012199999991935329 
600 0.013414299999908508 0.00013630000000830478 
800 0.024502100000063365 0.00013319999993655074 
1000 0.037488100000018676 0.00013860000001386652 
2000 0.17912400000000162 0.00020459999996091938 
5000 1.2023511999999528 0.0003123999999843363 
10000 4.93954389999999 0.0004965000000538566 
