2 0.1282538000000386 0.00010699999995722465 
4 0.0003304000000525775 9.529999999813299e-05 
10 0.0003067000000100961 9.130000000823202e-05 
15 0.0008085000000619402 9.469999997691048e-05 
20 0.00047840000001997396 0.00015189999999165593 
30 0.0015752000000475164 0.0002269000000296728 
35 0.0005552000000079715 0.00011400000005323818 
40 0.0004500000000007276 0.00010459999998602143 
45 0.0007024000000228625 9.799999997994746e-05 
50 0.0005796000000373169 0.00010589999999410793 
55 0.0006369000000177039 0.00010199999996984843 
60 0.0005548999999973603 9.89999999774227e-05 
65 0.0004314000000249507 0.00010050000003047899 
80 0.0004595000000335858 0.0001020999999354899 
100 0.0008978000000752218 0.00011369999992894009 
150 0.0008815000001050066 0.00010769999994408863 
170 0.0010412999999971362 0.00010539999993852689 
200 0.0011772999999948297 0.00010699999995722465 
250 0.002365400000030604 0.00011680000000069413 
400 0.008494000000041524 0.00022409999996853003 
500 0.009996800000067196 0.0001358999999183652 
600 0.013733000000001994 0.00021369999990383803 
800 0.026872400000002017 0.00014029999999820575 
1000 0.042017500000042673 0.00014610000005177426 
2000 0.16180919999999333 0.00018379999994522223 
5000 1.1095951999999443 0.0002659000000448941 
10000 4.5442123000000265 0.00045099999999820284 
