2 3.829999991467048e-05 96 
4 1.059999999597494e-05 384 
10 1.0199999906035373e-05 2400 
15 9.399999953529914e-06 5400 
20 1.160000010713702e-05 9600 
30 1.4699999837830546e-05 21600 
35 6.519999988086056e-05 29400 
40 2.3599999849466258e-05 38400 
45 2.4899999971239595e-05 48600 
50 4.179999996267725e-05 60000 
55 4.0900000158217154e-05 72600 
60 4.279999984646565e-05 86400 
65 4.009999997833802e-05 101400 
80 0.00013920000014877587 153600 
100 0.00011040000003958994 240000 
150 0.00022059999992052326 540000 
170 0.0002583000000413449 693600 
200 0.0008408999999574007 960000 
250 0.0009336000000530476 1500000 
400 0.0031318999999712105 3840000 
500 0.004935299999942799 6000000 
600 0.009681700000101046 8640000 
800 0.019769999999880383 15360000 
1000 0.044800899999927424 24000000 
2000 0.25584870000011506 96000000 
5000 3.3038985000000594 600000000 
10000 36.76965519999999 2400000000 
