2 9.090000000000487e-05 0.02637739999999944 
4 5.490000000030193e-05 1.71000000008803e-05 
10 3.0999999999892225e-05 1.270000000097582e-05 
15 3.189999999975157e-05 1.2099999999293232e-05 
20 3.489999999928273e-05 1.2000000001677336e-05 
30 4.120000000007451e-05 2.86000000002673e-05 
35 0.0001126999999989664 0.001841600000000554 
40 6.609999999973581e-05 1.9399999999336615e-05 
45 7.999999999874774e-05 3.310000000134039e-05 
50 5.100000000091143e-05 2.5600000000736145e-05 
55 0.00010320000000163532 3.449999999993736e-05 
60 0.00015910000000118885 2.309999999994261e-05 
65 8.359999999996148e-05 2.2400000000644127e-05 
80 9.480000000117172e-05 3.0499999999378247e-05 
100 0.00012959999999928584 3.4299999999376496e-05 
150 0.0002822000000008984 0.0012578999999988127 
170 0.0003242999999990559 0.0002743000000009488 
200 0.0008128999999996722 0.0004225000000008805 
250 0.000791500000000056 0.00041069999999976403 
400 0.0025610999999994277 0.0034842000000008255 
500 0.0049714999999999065 0.0030511999999998096 
600 0.007898100000000241 0.005505899999999286 
800 0.015638600000000835 0.013388000000000844 
1000 0.02779950000000042 0.027055900000000577 
2000 0.11089239999999911 0.14405220000000085 
5000 0.8614415999999991 2.0929182000000015 
10000 3.297528 15.5894837 
