2 0.07581770000024335 96 
4 2.4599999960628338e-05 384 
10 8.200000138458563e-06 2400 
15 6.299999768089037e-06 5400 
20 7.500000265281415e-06 9600 
30 1.339999971605721e-05 21600 
35 0.0001142999999501626 29400 
40 3.149999974993989e-05 38400 
45 1.4800000371906208e-05 48600 
50 3.20999997711624e-05 60000 
55 1.699999984339229e-05 72600 
60 1.9799999790848233e-05 86400 
65 2.0200000108161476e-05 101400 
80 2.900000026784255e-05 153600 
100 3.699999979289714e-05 240000 
150 0.00011469999981272849 540000 
170 0.0001578999999765074 693600 
200 0.00023859999964770395 960000 
250 0.000541599999905884 1500000 
400 0.0016289999998662097 3840000 
500 0.006029299999681825 6000000 
600 0.006078899999920395 8640000 
800 0.01823820000026899 15360000 
1000 0.03422390000014275 24000000 
2000 0.21703089999982694 96000000 
5000 3.380776500000138 600000000 
10000 27.331915800000388 2400000000 
