2 0.16308630000003177 96 
4 5.109999983687885e-05 384 
10 2.1400000150606502e-05 2400 
15 1.4400000054592965e-05 5400 
20 1.8600000203150557e-05 9600 
30 2.629999971759389e-05 21600 
35 9.950000003300374e-05 29400 
40 3.309999965495081e-05 38400 
45 3.059999971810612e-05 48600 
50 3.3599999824218685e-05 60000 
55 3.409999999348656e-05 72600 
60 4.6999999995023245e-05 86400 
65 4.129999979340937e-05 101400 
80 5.8600000102160266e-05 153600 
100 8.429999979853164e-05 240000 
150 0.000257900000178779 540000 
170 0.0003121999998256797 693600 
200 0.0004797000001417473 960000 
250 0.0008596000002398796 1500000 
400 0.0035566000001381326 3840000 
500 0.004137000000355329 6000000 
600 0.006724400000166497 8640000 
800 0.024583600000369188 15360000 
1000 0.040824700000030134 24000000 
2000 0.23939719999998488 96000000 
5000 3.715779300000122 600000000 
10000 29.389618600000176 2400000000 
