2 0.1547720000000936 96 
4 4.349999994701648e-05 384 
10 1.6899999991437653e-05 2400 
15 2.109999991262157e-05 5400 
20 2.0599999970727367e-05 9600 
30 2.519999998185085e-05 21600 
35 0.00010180000003856549 29400 
40 0.00034019999998236017 38400 
45 7.210000012491946e-05 48600 
50 7.709999999860884e-05 60000 
55 6.789999997636187e-05 72600 
60 4.8299999889422907e-05 86400 
65 4.9600000011196244e-05 101400 
80 6.140000004961621e-05 153600 
100 8.879999995770049e-05 240000 
150 0.000241100000039296 540000 
170 0.00026630000002114684 693600 
200 0.0006147999999939202 960000 
250 0.0011097999999947206 1500000 
400 0.003924699999970471 3840000 
500 0.0074296999998750834 6000000 
600 0.010826899999983652 8640000 
800 0.02635069999996631 15360000 
1000 0.045292199999948934 24000000 
2000 0.30694340000013653 96000000 
5000 5.993065399999978 600000000 
10000 46.831941099999995 2400000000 
