2 0.1384778000001461 96 
4 5.180000016480335e-05 384 
10 1.990000009755022e-05 2400 
15 3.440000000409782e-05 5400 
20 1.939999992828234e-05 9600 
30 6.31999996585364e-05 21600 
35 9.409999984200113e-05 29400 
40 6.559999974342645e-05 38400 
45 3.689999994094251e-05 48600 
50 2.5499999992462108e-05 60000 
55 2.4899999971239595e-05 72600 
60 5.160000000614673e-05 86400 
65 4.2299999677197775e-05 101400 
80 5.7500000366417225e-05 153600 
100 9.300000010625808e-05 240000 
150 0.00029290000020409934 540000 
170 0.0003494000002319808 693600 
200 0.0006953000001885812 960000 
250 0.0012246999999661057 1500000 
400 0.004004400000212627 3840000 
500 0.007663499999580381 6000000 
600 0.01316739999992933 8640000 
800 0.02753099999972619 15360000 
1000 0.054766299999755574 24000000 
2000 0.30164509999985967 96000000 
5000 5.811871899999915 600000000 
10000 30.469978499999797 2400000000 
