2 0.13754860000000235 0.06066920000000664 
4 4.9700000005259426e-05 1.6399999992700032e-05 
10 2.0900000009760333e-05 6.799999994200334e-06 
15 2.3199999986900366e-05 5.600000008598727e-06 
20 2.8100000008635106e-05 4.899999993313031e-06 
30 0.00015869999998585627 1.1700000015935075e-05 
35 0.00011729999999943175 7.600000000707041e-05 
40 0.0001278999999954067 6.289999998898566e-05 
45 4.4799999983524685e-05 6.229999999618485e-05 
50 4.819999998062485e-05 7.750000000328328e-05 
55 0.00012010000000373111 7.959999999229694e-05 
60 0.00021009999997545492 5.1500000012083547e-05 
65 0.00020989999998732856 4.780000000437212e-05 
80 0.0003578000000175052 4.7899999998435305e-05 
100 0.00023170000000050095 3.669999998123785e-05 
150 0.00027959999999893625 0.00010679999999751999 
170 0.00030839999999443535 0.0001330000000052678 
200 0.00032360000000153377 0.0002051999999821419 
250 0.0006339999999909196 0.00039420000001655353 
400 0.002911399999987907 0.0018562000000201806 
500 0.004577400000016496 0.0019066999999779455 
600 0.008644099999997934 0.00481060000001321 
800 0.013283199999989392 0.011458099999998694 
1000 0.02572909999997819 0.023962800000020934 
2000 0.12120540000000801 0.15201920000001223 
5000 0.8158822000000043 2.0920467999999914 
10000 3.258406000000008 18.38691 
