2 0.13228300000000104 0.062159399999998755 
4 5.249999999890065e-05 1.7000000003264404e-05 
10 2.1499999999008423e-05 6.2999999990154265e-06 
15 2.2699999998820886e-05 5.099999999202964e-06 
20 2.540000000195164e-05 4.799999999249849e-06 
30 3.3099999999564034e-05 0.00041699999999877946 
35 4.500000000007276e-05 0.00011290000000130362 
40 7.04000000020244e-05 0.0001181999999992911 
45 5.849999999796296e-05 9.479999999939537e-05 
50 0.00022609999999900765 0.00012230000000101882 
55 0.0005679000000000656 3.0500000001154604e-05 
60 8.929999999907068e-05 4.4700000000119644e-05 
65 0.00019400000000047157 3.7100000000123146e-05 
80 0.00029449999999897614 5.379999999988172e-05 
100 0.00036499999999861643 7.45000000001994e-05 
150 0.0005698000000009529 0.00013229999999708753 
170 0.0002628999999991777 0.0001275000000013904 
200 0.000528200000001533 0.00019939999999962765 
250 0.000725800000001442 0.0003790999999999656 
400 0.002430799999999067 0.0015959000000016488 
500 0.0043463000000016905 0.0031135999999989394 
600 0.0074073999999981766 0.004907800000001572 
800 0.013083000000001732 0.01210039999999779 
1000 0.023002900000001603 0.020287799999998413 
2000 0.11340209999999828 0.13541380000000203 
5000 0.8147839000000019 1.898412099999998 
10000 3.304766099999995 15.480418900000004 
