2 0.0959405999997216 96 
4 3.319999996165279e-05 384 
10 1.2299999980314169e-05 2400 
15 1.0899999779212521e-05 5400 
20 1.0900000233959872e-05 9600 
30 1.900000006571645e-05 21600 
35 8.930000012696837e-05 29400 
40 2.2000000171829015e-05 38400 
45 1.900000006571645e-05 48600 
50 2.2700000045006163e-05 60000 
55 2.0399999812070746e-05 72600 
60 2.3999999939405825e-05 86400 
65 2.5499999992462108e-05 101400 
80 3.670000023703324e-05 153600 
100 4.649999982575537e-05 240000 
150 0.0001876000001175271 540000 
170 0.00016400000004068715 693600 
200 0.00029839999979230925 960000 
250 0.0007435000002260495 1500000 
400 0.0038067999998929736 3840000 
500 0.006215500000052998 6000000 
600 0.01030110000010609 8640000 
800 0.021430100000088714 15360000 
1000 0.030274499999904947 24000000 
2000 0.22053009999990536 96000000 
5000 3.655751699999655 600000000 
10000 30.385520299999826 2400000000 
