2 0.14255799999999397 0.07451679999999783 
4 5.2900000000022374e-05 1.7100000007985727e-05 
10 2.340000000344844e-05 7.400000001211993e-06 
15 2.5399999998398926e-05 5.900000004999129e-06 
20 2.8099999994424252e-05 5.300000012198325e-06 
30 3.329999999834854e-05 3.6399999999048305e-05 
35 3.620000001092194e-05 0.00010409999998728381 
40 5.69000000041342e-05 3.490000000283544e-05 
45 6.279999999492247e-05 0.00010860000000434411 
50 5.8699999996747465e-05 8.95000000014079e-05 
55 6.0000000004833964e-05 7.010000000207128e-05 
60 0.00017259999999907905 6.189999999151041e-05 
65 0.00017529999999510437 6.129999999870961e-05 
80 0.0002881999999999607 6.109999999637239e-05 
100 0.0004896000000087497 6.209999999384763e-05 
150 0.0006135000000000446 0.000117600000010043 
170 0.0003284999999948468 0.00014219999999909305 
200 0.0005724000000100204 0.00024340000000222517 
250 0.001116900000013743 0.0004374999999896545 
400 0.0034487000000069656 0.00199439999998674 
500 0.005691999999996256 0.0031864000000041415 
600 0.009871399999994424 0.00573110000000554 
800 0.01821069999999736 0.01119690000000162 
1000 0.02704119999999932 0.022903299999995852 
2000 0.12668990000000235 0.14299739999999872 
5000 0.7931943000000103 2.1263053999999926 
10000 3.352564599999994 20.042215 
