2 0.0014348999999356238 0.001584299999990435 
4 0.0004868999999416701 0.00011840000001939188 
10 0.00046689999999216525 0.0001351000000795466 
15 0.0005492999999887616 0.00013009999997848354 
20 0.0004814000000123997 0.0001557999999022286 
30 0.0005875000000514774 0.0001755999999204505 
35 0.00045999999997548 0.00011920000008558418 
40 0.0006672999999182139 0.0001835000000482978 
45 0.0005437999999458043 0.00013569999998708226 
50 0.0004501000000800559 0.00010629999997036066 
55 0.0005161999999927502 0.0001347999999552485 
60 0.0006607000000258267 0.00016569999991133955 
65 0.0008046000000376807 0.00020489999997153063 
80 0.0005799000000479282 0.00012010000000373111 
100 0.0007705000000441942 0.00012219999996432307 
150 0.0010989999999537758 0.00012870000000475557 
170 0.0012418000000025131 0.00013550000005579932 
200 0.0027214000000412852 0.00015599999994719838 
250 0.0022205999999869164 0.00013369999999213178 
400 0.005726200000026438 0.00014850000002297747 
500 0.008186000000023341 0.00012589999994361278 
600 0.012074900000015987 0.00013369999999213178 
800 0.0210500000000593 0.00016219999997701962 
1000 0.03515939999999773 0.00013840000008258357 
2000 0.16700759999991988 0.0001791000000821441 
5000 1.1442756000000145 0.00030579999997826235 
10000 5.155821999999944 0.0005029999999806023 
