2 0.1360268000000815 96 
4 4.0500000068277586e-05 384 
10 1.4000000192027073e-05 2400 
15 1.2100000049031223e-05 5400 
20 1.2599999990925426e-05 9600 
30 1.839999981712026e-05 21600 
35 9.36000001274806e-05 29400 
40 2.9000000040468876e-05 38400 
45 3.0499999866151484e-05 48600 
50 3.399999991415825e-05 60000 
55 3.5499999967214535e-05 72600 
60 3.779999997277628e-05 86400 
65 4.389999980958237e-05 101400 
80 5.5900000006658956e-05 153600 
100 8.769999999458378e-05 240000 
150 0.00024809999990793585 540000 
170 0.00034870000013143 693600 
200 0.0005182999998396554 960000 
250 0.0010248999999475927 1500000 
400 0.0040715000000091095 3840000 
500 0.006000899999889953 6000000 
600 0.00990019999994729 8640000 
800 0.025433699999894088 15360000 
1000 0.0498066000000108 24000000 
2000 0.33366430000000946 96000000 
5000 5.808914899999991 600000000 
10000 45.49212899999998 2400000000 
