2 0.10999489999994694 0.0002308000000539323 
4 0.00043879999998353014 8.76000000289423e-05 
10 0.0005396999999902619 8.819999993647798e-05 
15 0.0004401999999572581 8.820000005016482e-05 
20 0.0004976999999826148 8.860000002641755e-05 
30 0.0013697000000547632 0.0001833999999689695 
35 0.0004874999999628926 0.00010959999997339764 
40 0.0006468999999924563 0.000130199999944125 
45 0.0008179000000154701 0.0001340999999683845 
50 0.0004042000000481494 0.00010379999991982913 
55 0.0005370000000084474 0.000133499999947162 
60 0.0004560999999512205 0.0001002999999855092 
65 0.00047759999995378166 9.790000001430599e-05 
80 0.0004923999999846274 9.829999999055872e-05 
100 0.0005681999999751497 0.0001007999999274034 
150 0.0008609000000205924 0.0001015999999935957 
170 0.0009079999999812571 0.00010139999994862592 
200 0.0011084000000209926 0.00010950000000775617 
250 0.0016668999999183143 0.00016040000002703891 
400 0.006466699999919001 0.0001912000000174885 
500 0.007469600000035825 0.00011729999994258833 
600 0.013469699999973272 0.00013060000003406458 
800 0.02180759999998827 0.0001310000000103173 
1000 0.03617929999995795 0.0001558999999815569 
2000 0.16750490000003992 0.00020639999991090008 
5000 1.148689300000001 0.0002668000000767279 
10000 4.590223100000003 0.0004301000000168642 
