2 0.12110519999998814 0.00024410000003172172 
4 0.00042600000006132177 8.779999996022525e-05 
10 0.0006011000000398781 8.89000000370288e-05 
15 0.00044220000006589544 8.739999998397252e-05 
20 0.0004375999999410851 9.109999996326223e-05 
30 0.0004890000000159489 9.469999997691048e-05 
35 0.00034719999996468687 9.299999999257125e-05 
40 0.00035020000007079943 9.439999996629922e-05 
45 0.0004989000000250599 0.00011469999992641533 
50 0.0007342999999764288 0.00016979999998056883 
55 0.00041499999997540726 9.959999999864522e-05 
60 0.00039810000009765645 9.589999990566866e-05 
65 0.0004083000000036918 9.609999995063845e-05 
80 0.0004437000000052649 9.609999995063845e-05 
100 0.0005298999999467924 9.740000007241179e-05 
150 0.0007951000000048225 9.919999990870565e-05 
170 0.0009270000000469736 0.00010259999999107094 
200 0.0011350000000902583 0.00010239999994610116 
250 0.001446299999997791 0.0001077999999097301 
400 0.00515810000001693 0.00011960000006183691 
500 0.0085454000000027 0.00015240000004723697 
600 0.012900999999942542 0.00012190000006739865 
800 0.022969999999986612 0.0001347999999552485 
1000 0.035959000000048036 0.00013730000000578002 
2000 0.169745599999942 0.000326500000028318 
5000 1.3014086999999108 0.0002875000000130967 
10000 4.672286799999938 0.0016378000000258908 
