2 0.14335249999999888 0.07159610000000072 
4 5.509999999731008e-05 1.740000000438613e-05 
10 2.3800000001017452e-05 7.400000001211993e-06 
15 3.1800000002135675e-05 1.0299999999574538e-05 
20 3.439999999699239e-05 5.600000001493299e-06 
30 4.2700000001616445e-05 4.299999999801685e-05 
35 6.009999999889715e-05 0.00010360000000275704 
40 6.249999999852207e-05 3.42000000017606e-05 
45 0.000599899999997433 6.979999999856545e-05 
50 0.00043940000000475266 6.369999999833453e-05 
55 0.0003010000000003288 2.0399999996811857e-05 
60 7.21000000041272e-05 2.5899999997136547e-05 
65 7.529999999889014e-05 2.4299999999755073e-05 
80 9.400000000425734e-05 3.739999999652355e-05 
100 9.88000000035072e-05 3.6299999997879695e-05 
150 0.00018020000000262826 0.00011409999999756337 
170 0.0002805999999964115 0.00016450000000389764 
200 0.0004254999999986353 0.00024379999999979418 
250 0.0007664999999974498 0.00044909999999731554 
400 0.0040061000000051195 0.0019198999999971988 
500 0.006726700000001529 0.00294410000000056 
600 0.011200099999996382 0.0061553999999972575 
800 0.02194730000000078 0.013832600000000639 
1000 0.03311829999999816 0.027570699999998283 
2000 0.15170999999999424 0.16621450000000237 
5000 0.8843081999999995 2.4382068000000032 
10000 3.504643300000005 20.292391699999996 
