2 0.11824169999999867 0.0002160999999887281 
4 0.00034549999998034764 0.000102400000059788 
10 0.00034719999996468687 9.239999997134873e-05 
15 0.0003163999999742373 9.449999993194069e-05 
20 0.0009713000000601824 0.00026739999998426356 
30 0.0016660000000001673 0.00011719999997694686 
35 0.0005322999999179956 0.00010059999999612046 
40 0.0006481000000349013 0.00010959999997339764 
45 0.0006181999999625987 0.00010190000000420696 
50 0.000563299999953415 0.00011600000004818867 
55 0.00039189999995414837 0.00010299999996732367 
60 0.0004066000000193526 9.760000000369473e-05 
65 0.0003987999999708336 9.979999992992816e-05 
80 0.0004713999999239604 9.67000000855478e-05 
100 0.0005454000000781889 0.00024559999997109117 
150 0.0009116999999605468 0.0001098999999840089 
170 0.0009800999999924898 0.00010679999991225486 
200 0.0011269999999967695 0.00016659999994317332 
250 0.0021523000000343018 0.00010699999995722465 
400 0.006103100000018458 0.00011480000000574364 
500 0.00754949999998189 0.00012459999993552628 
600 0.012395599999990736 0.00012739999999666907 
800 0.021702099999970415 0.00012939999999161955 
1000 0.03720779999991919 0.00013760000001639128 
2000 0.17387689999998202 0.00018539999996391998 
5000 1.1025273000000197 0.00026939999997921404 
10000 4.637293200000045 0.0005072999999811145 
