2 0.11731750000001284 0.00027330000000347354 
4 0.00037229999998089625 9.569999997438572e-05 
10 0.00033589999998184794 9.560000000874425e-05 
15 0.0003177000000960106 9.63999999612497e-05 
20 0.0004449000000477099 9.669999997186096e-05 
30 0.0007141999999475956 0.00010170000007292401 
35 0.00037929999996322294 0.00020219999998971616 
40 0.0005495999999993728 9.860000000116997e-05 
45 0.000377700000058212 9.660000000621949e-05 
50 0.0003701000000546628 9.76999999693362e-05 
55 0.00038319999998748244 9.76999999693362e-05 
60 0.00040690000002996385 0.00010819999999966967 
65 0.00041710000004968606 9.799999997994746e-05 
80 0.0004541999999219115 9.870000008049828e-05 
100 0.0005478000000493921 0.0001002999999855092 
150 0.0008226999999578766 0.00010120000001734297 
170 0.0009542000000237749 0.00010369999995418766 
200 0.0011825000000271757 0.00010600000007343624 
250 0.001481699999999364 0.00013639999997394625 
400 0.00567189999992479 0.00012460000004921312 
500 0.008272400000009839 0.00012040000001434237 
600 0.013029100000039762 0.00012830000002850284 
800 0.022028399999953763 0.00014180000005126203 
1000 0.03472339999996166 0.00013850000004822505 
2000 0.16237230000001546 0.0002110000000357104 
5000 1.1722981000000345 0.00027260000001660956 
10000 5.889951300000007 0.0018572999999832973 
