2 0.1340838000000133 0.07893509999999537 
4 5.260000000362197e-05 1.8299999993587335e-05 
10 2.1099999997886698e-05 6.900000016685226e-06 
15 0.00037100000000123146 8.999999977277184e-06 
20 4.7499999993760866e-05 9.000000005698894e-06 
30 0.00019380000000523978 1.3099999989663047e-05 
35 5.310000000235959e-05 3.749999999058673e-05 
40 0.0001878999999860298 1.3100000018084756e-05 
45 6.0699999977487096e-05 1.900000000887303e-05 
50 6.0100000013108e-05 0.00011449999999513238 
55 0.0002561999999954878 1.720000000204891e-05 
60 5.919999998127423e-05 1.6500000015184924e-05 
65 6.32999999936601e-05 1.720000000204891e-05 
80 7.960000002071865e-05 2.1399999980076245e-05 
100 0.00013910000001260414 2.6999999988674972e-05 
150 0.00025990000000319924 9.339999999724569e-05 
170 0.00048300000000267573 0.00018249999999397915 
200 0.0005742000000168446 0.0002351999999916643 
250 0.0005448999999941861 0.0003950999999915439 
400 0.003327200000001085 0.0018977999999947315 
500 0.004966400000000704 0.0031934999999805314 
600 0.012290199999995366 0.005023200000010775 
800 0.014734899999979234 0.012200800000016443 
1000 0.028581300000013243 0.02261110000000599 
2000 0.123349300000001 0.1485123999999871 
5000 0.8251161999999965 2.0241292999999985 
10000 3.2264413000000047 16.391067300000003 
