2 0.11205089999998563 0.0002557000000251719 
4 0.0003868000000011307 9.159999990515644e-05 
10 0.00036469999997734703 9.109999996326223e-05 
15 0.0003675000000384898 9.159999990515644e-05 
20 0.00042340000004514877 9.249999993699021e-05 
30 0.0005023999999593798 0.00013680000006388582 
35 0.00034859999993841484 9.450000004562753e-05 
40 0.00035590000004503963 9.480000005623879e-05 
45 0.0004508000000669199 0.00010379999991982913 
50 0.00037229999998089625 9.620000002996676e-05 
55 0.0003778000000238535 9.969999996428669e-05 
60 0.0004007000000001426 9.620000002996676e-05 
65 0.00041309999994609825 0.00014639999994869868 
80 0.0004623000000947286 9.709999994811369e-05 
100 0.000550799999928131 0.00010170000007292401 
150 0.0008569000000306914 9.959999999864522e-05 
170 0.001007999999956155 0.0001002999999855092 
200 0.001211799999964569 0.00010170000007292401 
250 0.0014942999999902895 0.00011480000000574364 
400 0.0053430000000389555 0.00011919999997189734 
500 0.0075332999999773165 0.00011749999998755811 
600 0.012261300000091069 0.00012149999997745908 
800 0.02129349999995611 0.0001290999999810083 
1000 0.034007900000005975 0.0001796000000240383 
2000 0.16008429999999407 0.00017510000009224314 
5000 1.0838039000000208 0.00027569999997467676 
10000 4.544672500000047 0.0010287000000062108 
