2 0.151844600000004 0.07082479999999691 
4 5.699999999819738e-05 1.860000000419859e-05 
10 2.1099999997886698e-05 6.900000016685226e-06 
15 0.00019850000001042645 9.499999976014806e-06 
20 0.0002818000000104348 8.899999983214002e-06 
30 6.350000001020817e-05 1.370000001088556e-05 
35 0.00011920000000031905 2.920000000017353e-05 
40 4.5999999997548e-05 1.369999998246385e-05 
45 4.160000000297259e-05 1.4300000003686364e-05 
50 4.8799999973425656e-05 1.5300000001161607e-05 
55 5.329999999048596e-05 1.550000001770968e-05 
60 5.4900000009183714e-05 1.6600000009248106e-05 
65 5.8499999994410246e-05 1.8699999998261774e-05 
80 7.829999998421044e-05 2.1500000002561137e-05 
100 0.00013849999999138163 3.620000001092194e-05 
150 0.00023289999998610256 0.00011209999999550746 
170 0.0002837000000113221 0.0001354999999989559 
200 0.00029799999998658677 0.00021680000000401378 
250 0.0005706000000031963 0.0004239000000154647 
400 0.0030787999999972726 0.0018484000000000833 
500 0.005507800000003726 0.0030682000000012977 
600 0.008496299999990242 0.0054070000000194796 
800 0.01574709999999868 0.012566300000003139 
1000 0.027274599999998372 0.023268099999995684 
2000 0.1262775000000147 0.1425217000000032 
5000 0.794218399999977 2.5212257000000022 
10000 3.494600399999996 19.347594500000014 
