2 0.1518369000000348 96 
4 4.3000000005122274e-05 384 
10 1.6899999991437653e-05 2400 
15 1.1999999969702912e-05 5400 
20 2.5299999833805487e-05 9600 
30 2.210000002378365e-05 21600 
35 0.00010820000011335651 29400 
40 3.3699999903546995e-05 38400 
45 3.1499999977313564e-05 48600 
50 3.579999997782579e-05 60000 
55 3.620000006776536e-05 72600 
60 3.7199999951553764e-05 86400 
65 4.379999995762773e-05 101400 
80 5.8700000181488576e-05 153600 
100 8.759999991525547e-05 240000 
150 0.0002757999998266314 540000 
170 0.00033550000011928205 693600 
200 0.000610300000062125 960000 
250 0.001220800000055533 1500000 
400 0.0042582999999467575 3840000 
500 0.006926199999952587 6000000 
600 0.011552700000038385 8640000 
800 0.02588019999984681 15360000 
1000 0.0495674000001145 24000000 
2000 0.3208947000000535 96000000 
5000 6.054803100000072 600000000 
10000 46.53249979999987 2400000000 
