2 0.1368184000000383 0.0003884999999854699 
4 0.0007650000000012369 0.00015580000001591543 
10 0.000795199999970464 9.699999998247222e-05 
15 0.00043890000006285845 9.529999999813299e-05 
20 0.00046580000002904853 9.620000002996676e-05 
30 0.0006548999999722582 9.830000010424556e-05 
35 0.00035700000000815635 0.0001475999999911437 
40 0.000519700000040757 9.50999999531632e-05 
45 0.0003666999999722975 9.580000005371403e-05 
50 0.0004213000000845568 0.0001365999999052292 
55 0.00037640000005012553 0.0001151000000163549 
60 0.0004046999999900436 9.729999999308347e-05 
65 0.0005805999999211053 9.750000003805326e-05 
80 0.0004493000000138636 9.780000004866451e-05 
100 0.0005408000000670654 0.00010099999997237319 
150 0.000839299999938703 0.00010070000007544877 
170 0.0011403000000882457 0.00011359999996329861 
200 0.0016666999999870313 0.00011810000000878063 
250 0.0020432000000027983 0.00011440000002949091 
400 0.005485999999905289 0.00012230000004365138 
500 0.010228600000004917 0.00012479999998049607 
600 0.018324800000073083 0.0003322999999681997 
800 0.025735100000019884 0.00017009999999118008 
1000 0.04027670000004946 0.0008619999999837091 
2000 0.1887358999999833 0.00017959999991035147 
5000 1.209522199999924 0.00028630000008433854 
10000 4.676885699999957 0.00045740000007299386 
