2 0.08287630000040735 96 
4 2.680000034160912e-05 384 
10 1.3699999726668466e-05 2400 
15 9.099999715544982e-06 5400 
20 9.100000170292333e-06 9600 
30 1.2400000287016155e-05 21600 
35 8.849999994708924e-05 29400 
40 3.890000016326667e-05 38400 
45 1.5800000255694613e-05 48600 
50 1.6800000139483018e-05 60000 
55 2.480000011928496e-05 72600 
60 2.1299999843904516e-05 86400 
65 2.8499999643827323e-05 101400 
80 3.279999964433955e-05 153600 
100 4.020000005766633e-05 240000 
150 0.0001443999999537482 540000 
170 0.00015729999995528487 693600 
200 0.00026900000011664815 960000 
250 0.0005384999999478168 1500000 
400 0.002540999999837368 3840000 
500 0.004765099999985978 6000000 
600 0.007437700000082259 8640000 
800 0.01694130000032601 15360000 
1000 0.03213319999986197 24000000 
2000 0.1896881000002395 96000000 
5000 3.530753300000015 600000000 
10000 28.731074300000273 2400000000 
