2 0.1391030999999998 0.0669680000000028 
4 5.079999999679785e-05 1.569999999162519e-05 
10 2.2400000005973197e-05 6.499999997799932e-06 
15 2.920000000017353e-05 5.50000000032469e-06 
20 3.12999999891872e-05 5.200000003924288e-06 
30 4.0099999992548874e-05 3.000000000952241e-05 
35 0.00010530000000130713 3.249999998899966e-05 
40 5.66000000077338e-05 8.250000000487034e-05 
45 4.3700000006197115e-05 7.079999998893527e-05 
50 7.680000000220844e-05 4.549999999881038e-05 
55 4.710000000329728e-05 7.659999999987122e-05 
60 0.00016630000000361633 8.610000000430773e-05 
65 0.0001795999999956166 6.0300000001234366e-05 
80 0.00038849999999968077 5.210000000488435e-05 
100 0.0004581999999970776 0.00011770000000410619 
150 0.0002179999999896154 0.00011870000000158143 
170 0.0002761000000077729 0.00013789999999858082 
200 0.0005237000000022363 0.00025460000000521177 
250 0.0006230999999985443 0.00039400000000000546 
400 0.0026390000000020564 0.0015574999999898864 
500 0.004361599999995747 0.0029760000000038644 
600 0.007927300000005744 0.005202299999993443 
800 0.013839099999998439 0.010754599999998504 
1000 0.024085400000004142 0.023572999999998956 
2000 0.11705690000000857 0.15785319999999103 
5000 0.8077818000000008 2.062041999999991 
10000 3.317354800000004 16.5759221 
