2 0.05777530000000297 0.43520439999997507 
4 0.0015246000000388449 0.0031314000000293163 
10 0.0015402999999878375 0.0035983000000214815 
15 0.0017983999998705258 0.006964900000184571 
20 0.0018294000001333188 0.006076199999824894 
30 0.0021575000000666478 0.007971399999860296 
35 0.0023266999999123072 0.00919900000008056 
40 0.0014860999999655178 0.009983599999941362 
45 0.0016347999999197782 0.01078589999997348 
50 0.001790699999901335 0.014355699999896387 
55 0.0016898999999739317 0.011762300000100367 
60 0.0026871999998547835 0.012099499999976615 
65 0.0048463999999057705 0.014814200000046185 
80 0.0019626000000698696 0.017848599999979342 
100 0.0019151999999849068 0.021298799999840412 
150 0.0017311999999947147 0.03896959999997307 
170 0.0016185999998015177 0.05103330000019923 
200 0.0031445999998140906 0.0871614000000136 
250 0.0024783999999726802 0.08067379999988589 
400 0.0032353000001421606 0.11826569999993808 
500 0.0020661000000927743 0.13491429999999127 
600 0.002053499999874475 0.16575780000016493 
800 0.0018876999999974942 0.35196240000004764 
1000 0.0045549000001301465 0.466367499999933 
2000 0.0026295000000118307 0.8220411999998305 
5000 0.002130599999873084 3.773691400000189 
10000 0.005706100000224978 12.666011699999899 
15000 0.02098529999989296 108.21083940000017 
20000 0.0510012000002007 325.6315327 
