2 0.06972730000006777 0.4077823000002354 
4 0.0024135000003298046 0.005267799999728595 
10 0.0035101999997095845 0.00469310000016776 
15 0.0018178999998781364 0.0062060999998720945 
20 0.0014710999998897023 0.005433199999970384 
30 0.0016826999999466352 0.007949400000143214 
35 0.0017831000000114727 0.007832799999960116 
40 0.0017399999996996485 0.010604300000068179 
45 0.0017941000000973872 0.010958700000173849 
50 0.0036880000002383895 0.015585099999952945 
55 0.0014572000000043772 0.014396000000033382 
60 0.002345100000184175 0.01574399999981324 
65 0.0021188999999139924 0.016110200000184705 
80 0.001994899999772315 0.019752300000163814 
100 0.001670799999828887 0.022491100000024744 
150 0.002848699999958626 0.039240699999936623 
170 0.0021139999998922576 0.04345839999996315 
200 0.0024296999999933178 0.04932719999987967 
250 0.0017221000002791698 0.06137330000001384 
400 0.0036744000003636756 0.12053519999972195 
500 0.0037533999998231593 0.17338789999985238 
600 0.0025545000003148743 0.17534149999983129 
800 0.0020495000003393216 0.21079809999991994 
1000 0.004416000000219356 0.3235952999998517 
2000 0.002841600000010658 0.8421142000001964 
5000 0.0021646999998665706 4.934297100000094 
10000 0.0038704000003235706 12.9388371 
15000 0.023481400000036956 106.50185629999987 
20000 0.05883350000021892 285.2088439999998 
