2 0.004259699999999977 0.004947800000000058 
4 0.0008561000000000263 0.0009358999999999895 
10 0.0008741999999997141 0.00185550000000001 
15 0.000922699999999832 0.0061579000000002715 
20 0.0008836999999997097 0.0038713999999999693 
30 0.0013140999999996517 0.005847700000000344 
35 0.001083500000000015 0.006354299999999924 
40 0.0008887999999998009 0.006467800000000246 
45 0.0014049000000002643 0.013012499999999871 
50 0.00088430000000006 0.008823699999999768 
55 0.0009198000000001372 0.00931179999999987 
60 0.0020799000000000234 0.017998200000000075 
65 0.0010036000000002154 0.010848699999999933 
80 0.0009250000000000647 0.01532599999999995 
100 0.0009806000000001092 0.018538299999999897 
150 0.002067300000000216 0.033961600000000036 
170 0.0020023999999998487 0.039007900000000095 
200 0.0010311000000000625 0.04552099999999992 
250 0.0013336999999999932 0.06427570000000005 
400 0.0010884999999998257 0.11312710000000026 
500 0.0012977000000002903 0.11291429999999991 
600 0.0010214999999993424 0.16881790000000052 
800 0.0010094000000000491 0.1785975999999998 
1000 0.0025180999999996345 0.21373770000000025 
2000 0.0015872000000003439 0.5737861999999998 
5000 0.006101500000000648 3.1034913 
10000 0.0022742999999998403 14.961655799999999 
15000 0.015471800000000258 69.3207041 
20000 0.03467519999999524 230.5833086 
