2 0.06653659999983574 0.46514139999999315 
4 0.002652000000125554 0.004753799999889452 
10 0.0037999999999556167 0.006351900000026944 
15 0.002274999999826832 0.008723800000097981 
20 0.002575800000158779 0.00791830000025584 
30 0.004902800000309071 0.01236769999968601 
35 0.005130200000166951 0.014510999999856722 
40 0.004699799999798415 0.015996300000097108 
45 0.003913999999895168 0.018116100000042934 
50 0.0045549000001301465 0.01918260000002192 
55 0.004087300000264804 0.01654869999993025 
60 0.002735000000029686 0.017496099999789294 
65 0.004623799999990297 0.026671099999930448 
80 0.0044030999997630715 0.03540019999991273 
100 0.0026150000003326568 0.03396589999965727 
150 0.0024660999997649924 0.06151200000022072 
170 0.004133599999931903 0.056847800000014104 
200 0.002610799999729352 0.06763290000026245 
250 0.002717400000165071 0.08802139999988867 
400 0.002053499999874475 0.14078199999994467 
500 0.0027595999999903142 0.17314410000017233 
600 0.003852199999982986 0.2517155000000457 
800 0.0032207000003836583 0.34304969999993773 
1000 0.002826299999924231 0.27617019999979675 
2000 0.002729299999828072 0.7407601999998406 
5000 0.004893199999969511 4.517126100000041 
10000 0.005831999999827531 11.547962600000119 
15000 0.0037519000002248504 90.75524069999983 
20000 0.057171500000094966 294.91828799999985 
