2 0.05758379999997487 0.37196830000016234 
4 0.0023514000001796376 0.004766899999822272 
10 0.0017644000001837412 0.004789799999798561 
15 0.0013561000000663626 0.00728649999996378 
20 0.0016533000000436004 0.006035500000052707 
30 0.0018838999999388761 0.008966300000111005 
35 0.00217360000010558 0.009660799999892333 
40 0.001555499999994936 0.009543900000153371 
45 0.0019342999999025778 0.011236399999916102 
50 0.002457099999901402 0.012553600000046572 
55 0.0016883999999208754 0.012619800000038595 
60 0.0015746999999919353 0.015421800000012809 
65 0.0021662000001470005 0.01153159999989839 
80 0.002007300000059331 0.013224100000115868 
100 0.004173300000047675 0.042567199999894 
150 0.0034698999997999636 0.05902760000003582 
170 0.0021124999998392013 0.037487200000214216 
200 0.002699399999983143 0.06883889999994608 
250 0.0034077000000252156 0.10296569999991334 
400 0.0019793000001300243 0.10064499999998588 
500 0.002025900000035108 0.1393419000000904 
600 0.0018341999998483516 0.1797215999999935 
800 0.0024817999999413587 0.20650940000018636 
1000 0.0045288999999684165 0.3506483000001026 
2000 0.0021481999999650725 0.7271003999999266 
5000 0.0033967000001666747 3.4699532999998155 
10000 0.0034944999999879656 12.625777199999902 
15000 0.005033299999922747 95.83183200000008 
20000 0.05501200000003337 353.47104949999994 
