2 0.06306050000000596 0.34915490000003047 
4 0.0021034000000099695 0.005709400000000642 
10 0.002952099999959046 0.004058700000030058 
15 0.0014821999999981017 0.006095000000016171 
20 0.00213840000003529 0.0046077999999738495 
30 0.0018426999999974214 0.009263000000032662 
35 0.001711100000022725 0.006906299999968724 
40 0.0022898999999938496 0.00745000000000573 
45 0.0009808000000361972 0.009284899999954632 
50 0.0019287999999733074 0.00732540000001336 
55 0.0013109999999869615 0.008410200000014356 
60 0.0015277999999625536 0.010104400000045644 
65 0.0020804000000111955 0.009504999999990105 
80 0.0012499000000048 0.015707300000030955 
100 0.0017049000000497472 0.015086699999983466 
150 0.0012394999999969514 0.02163970000003701 
170 0.0022708999999849766 0.02660320000001093 
200 0.0018066000000089844 0.0333463999999708 
250 0.005030099999999038 0.05533300000001873 
400 0.001756599999964692 0.06771880000002284 
500 0.0034908999999743173 0.10117950000000064 
600 0.006303699999989476 0.13476050000002715 
800 0.001743900000008125 0.1713895999999977 
1000 0.0017063000000234751 0.20480379999997922 
2000 0.001348399999983485 0.5420867000000271 
5000 0.0020531000000119093 2.9391789000000017 
10000 0.003912300000024516 12.368029200000024 
15000 0.028525799999954415 74.7495695 
20000 0.05683500000003505 351.43662019999994 
