2 0.04426579999972091 0.37738979999994626 
4 0.0017866000002868532 0.003726899999946909 
10 0.0010888000001614273 0.004289299999982177 
15 0.0012851999999838881 0.005993899999793939 
20 0.0017745000000104483 0.005672499999946012 
30 0.0017339999999421707 0.00613100000009581 
35 0.001385399999890069 0.008585999999922933 
40 0.0014861999998174724 0.0073775999999270425 
45 0.0014397999998436717 0.009494500000073458 
50 0.0012148000000706816 0.011345500000061293 
55 0.0013446999996631348 0.009117300000070827 
60 0.00298689999999624 0.012325000000146247 
65 0.002311499999905209 0.012982100000044738 
80 0.002758500000254571 0.01489499999979671 
100 0.001488800000061019 0.017865600000277482 
150 0.0014426999996430823 0.0310764000000745 
170 0.0024474000001646345 0.04608339999958844 
200 0.0021354999998948188 0.12924019999991287 
250 0.006701299999804178 0.11057260000006863 
400 0.00145169999996142 0.10019130000000587 
500 0.0017733999998199579 0.138197300000229 
600 0.0018334999999751744 0.18299960000013016 
800 0.002493100000265258 0.1956728000000112 
1000 0.003343000000313623 0.29550689999996393 
2000 0.0016415000000051805 0.6948990999999296 
5000 0.0018184000000474043 3.492165799999839 
10000 0.004794599999968341 12.741727600000104 
15000 0.03113789999997607 101.48323749999963 
20000 0.06530189999966751 318.66493549999996 
