2 0.07829480000009426 0.42751789999965695 
4 0.002143400000022666 0.0037439000002450484 
10 0.001647300000058749 0.005186600000342878 
15 0.001219299999775103 0.005324200000359269 
20 0.0021480000000337895 0.004879199999777484 
30 0.002032900000358495 0.0065081999996436934 
35 0.0013075000001663284 0.007722100000137289 
40 0.0015558999998575018 0.009121699999923294 
45 0.0019428000000516477 0.009379600000102073 
50 0.002347399999962363 0.013002400000004855 
55 0.003082499999891297 0.009922300000198447 
60 0.0017362999997203588 0.012652800000068964 
65 0.003027100000053906 0.015900799999599258 
80 0.0036066000002392684 0.029376899999988382 
100 0.0029192000001785345 0.038897800000086136 
150 0.0038812000002508285 0.06566429999975298 
170 0.0033965000002353918 0.07207579999976588 
200 0.0032707999998820014 0.0908967999998822 
250 0.0029426999999486725 0.07711960000006002 
400 0.001622399999632762 0.11055160000023534 
500 0.004259199999978591 0.12923599999976432 
600 0.0021853999996892526 0.1528306000000157 
800 0.0024026999999477994 0.20686849999992774 
1000 0.0034609000003911206 0.2853248999999778 
2000 0.0017477999999755411 0.6988111000000572 
5000 0.0033381999996890954 4.123650400000315 
10000 0.0030922999999347667 11.690252700000201 
15000 0.004929799999899842 102.37253499999997 
20000 0.049337800000103016 323.92245109999976 
