2 0.05816119999997227 0.46757019999995464 
4 0.005077099999994061 0.0038348999999016087 
10 0.003205000000093605 0.008785299999999552 
15 0.0033225000000811633 0.009716199999957098 
20 0.0017973999999867374 0.006352600000013808 
30 0.001798499999949854 0.008580199999983051 
35 0.001992900000004738 0.010552899999993315 
40 0.0024368000000549728 0.011680999999953201 
45 0.004153400000063812 0.01901959999997871 
50 0.003044499999987238 0.021404500000016924 
55 0.0032171000000289496 0.01805849999993825 
60 0.0022391999999626933 0.01704070000005231 
65 0.0023216000000729764 0.017570299999988492 
80 0.0028692999999293534 0.02491870000005747 
100 0.0024661999999580075 0.02903120000007675 
150 0.002002999999945132 0.04189930000006825 
170 0.002252399999974841 0.0574692000000141 
200 0.002100400000017544 0.05949810000004163 
250 0.003074900000001435 0.09781850000001668 
400 0.002746099999967555 0.15016609999997854 
500 0.0025264000000788656 0.13743909999993775 
600 0.002133500000013555 0.16108120000001236 
800 0.0017643999999563675 0.21199910000007094 
1000 0.0017922000000680782 0.3552000999999336 
2000 0.0019882999999936146 0.6978632999999945 
5000 0.0018488000000616012 3.9090572000000066 
10000 0.003734699999995428 13.969761000000062 
15000 0.04172939999989467 107.8954645 
20000 0.07910409999999501 328.62833109999997 
