2 0.05442339999990509 0.37262730000020383 
4 0.0016696000002411893 0.003221899999971356 
10 0.002298000000337197 0.003547099999650527 
15 0.0017855000000963628 0.005776799999694049 
20 0.0012535000000752916 0.004423099999712576 
30 0.0018092000000251574 0.007615999999870837 
35 0.001979000000119413 0.00792249999994965 
40 0.00162769999997181 0.009241599999768368 
45 0.001562000000376429 0.011918700000023819 
50 0.0022294000000329106 0.009952299999895331 
55 0.003300300000319112 0.014028900000084832 
60 0.0020596999997906096 0.010117899999841029 
65 0.0029721999999310356 0.011139799999909883 
80 0.0018061000000670901 0.017731299999923067 
100 0.00209099999983664 0.02668519999997443 
150 0.0027915000000575674 0.0424790000001849 
170 0.0030348999998750514 0.07188509999969028 
200 0.0036975000002712477 0.10327430000006643 
250 0.002390200000263576 0.06138729999975112 
400 0.001736300000175106 0.10868819999996049 
500 0.0021733000003223424 0.13670559999991383 
600 0.001953800000137562 0.16003939999973227 
800 0.0021877999997741426 0.26379580000002534 
1000 0.0017703999997138453 0.27570490000016434 
2000 0.0019167999998899177 0.7855368000000453 
5000 0.0030354000000443193 4.543989799999963 
10000 0.004314199999953416 12.611110099999678 
15000 0.019111500000235537 104.23439859999962 
20000 0.056726800000433286 306.11254939999935 
