2 0.187548699999752 0.0071140999971248675 
4 0.00010040000051958486 0.0001979000007850118 
10 9.239999781129882e-05 0.00013930000204709359 
15 0.00011230000018258579 8.660000094096176e-05 
20 0.00019249999968451448 0.00012970000170753337 
30 0.0001239000011992175 0.00012140000035287812 
35 6.859999848529696e-05 0.00048600000081933104 
40 8.880000314093195e-05 0.00017419999858248048 
45 6.349999966914766e-05 0.0005791000003227964 
50 7.529999857069924e-05 0.0006499000010080636 
55 6.0200000007171184e-05 0.00021109999943291768 
60 5.729999975301325e-05 0.0002153999994334299 
65 8.510000043315813e-05 0.000207500001124572 
80 0.00012399999832268804 0.0004461999997147359 
100 7.080000068526715e-05 0.00024640000265208073 
150 0.00016970000069704838 0.0037343000003602356 
170 0.0008286000011139549 0.0004272999976819847 
200 0.0004169999992882367 0.00041570000030333176 
250 0.0004045999994559679 0.000625599997874815 
400 0.006018199997924967 0.0025519000009808224 
500 0.0028840000013587996 0.004317899998568464 
600 0.005297899999277433 0.005705399998987559 
800 0.010270800001308089 0.010715099997469224 
1000 0.016586999998253305 0.018377600001258543 
2000 0.06996409999919706 0.11610480000308598 
5000 0.6156683000008343 1.0543256000019028 
10000 1.6845295999992231 5.748450800001592 
15000 5.549068899999838 22.84242059999815 
