2 0.15969029999905615 0.007056000002194196 
4 7.410000034724362e-05 0.00011040000026696362 
10 8.610000077169389e-05 9.529999806545675e-05 
15 9.420000060345046e-05 5.579999924520962e-05 
20 0.00012620000052265823 8.519999755662866e-05 
30 9.339999814983457e-05 9.510000018053688e-05 
35 7.330000153160654e-05 0.00043820000064442866 
40 7.929999992484227e-05 0.00014559999908669852 
45 3.80000019504223e-05 0.0001975999985006638 
50 4.329999865149148e-05 0.0004971999987901654 
55 7.360000017797574e-05 0.00036689999978989363 
60 7.270000060088933e-05 0.0005127999975229613 
65 6.439999924623407e-05 0.0001655000014579855 
80 4.8099998821271583e-05 0.00034299999970244244 
100 0.00013589999798568897 0.0001664000010350719 
150 9.900000077323057e-05 0.004070800001500174 
170 0.0009026999978232197 0.0006317000006674789 
200 0.0012451000002329238 0.0005183000030228868 
250 0.00039280000055441633 0.0005515000011655502 
400 0.002307200000359444 0.004045800000312738 
500 0.002871100001357263 0.003103499999269843 
600 0.0036785999982384965 0.005061200001364341 
800 0.012498600000981241 0.010772599998745136 
1000 0.01360249999925145 0.01794760000120732 
2000 0.06929359999776352 0.12766820000251755 
5000 0.45013269999981276 0.9779592999984743 
10000 1.7437049000000115 6.400532700001349 
15000 8.403127999998105 24.149887400002626 
