2 0.1553380000004836 0.007028100000752602 
4 7.080000068526715e-05 9.00999984878581e-05 
10 6.520000169984996e-05 8.449999950244091e-05 
15 8.719999823370017e-05 5.6000000768108293e-05 
20 8.95000011951197e-05 7.159999950090423e-05 
30 7.390000246232376e-05 9.139999747276306e-05 
35 5.439999949885532e-05 0.00011490000179037452 
40 5.650000093737617e-05 0.0001387999982398469 
45 5.1799997891066596e-05 0.0005229000016697682 
50 5.610000152955763e-05 0.0001877999966382049 
55 4.3700001697288826e-05 0.00014589999773306772 
60 4.220000118948519e-05 0.0001467000001866836 
65 3.8899997889529914e-05 0.0001253000009455718 
80 6.880000000819564e-05 0.00013039999976172112 
100 7.790000017848797e-05 0.0001553999973111786 
150 9.14999982342124e-05 0.0034866000023612287 
170 0.0007643999997526407 0.00035349999961908907 
200 0.0009845000022323802 0.0003885000005539041 
250 0.0003752999982680194 0.000540299999556737 
400 0.0026073000008182134 0.004912000000331318 
500 0.006147000000055414 0.0035849000014422927 
600 0.004633300002751639 0.004619799998181406 
800 0.009702300001663389 0.011188099997525569 
1000 0.012299599999096245 0.017293900000368012 
2000 0.06537240000034217 0.13016119999883813 
5000 0.534186699998827 1.163441699998657 
10000 1.745250699997996 5.828732100002526 
15000 6.462609099999099 22.222627600000123 
