2 0.15240690000064205 0.0003251999987696763 
4 7.890000051702373e-05 7.230000119307078e-05 
10 6.579999899258837e-05 7.929999992484227e-05 
15 7.650000043213367e-05 6.08000009378884e-05 
20 0.0001576000031491276 9.789999967324547e-05 
30 8.39000022097025e-05 8.969999908003956e-05 
35 0.0001249999986612238 0.00012229999992996454 
40 0.00010599999950500205 0.0001373999984934926 
45 2.930000118794851e-05 0.00014029999874765053 
50 3.1200001103570685e-05 0.006781399999454152 
55 6.489999941550195e-05 0.00018080000154441223 
60 4.199999966658652e-05 0.00012259999857633375 
65 6.579999899258837e-05 0.00011409999933675863 
80 8.460000026389025e-05 0.0001314999972237274 
100 4.669999907491729e-05 0.00016930000128922984 
150 0.00022869999884278513 0.003672399998322362 
170 0.0006766000005882233 0.000387399999453919 
200 0.00029550000181188807 0.0003456999984337017 
250 0.0004774999979417771 0.0007160000022849999 
400 0.0017115000009653158 0.001965899999049725 
500 0.0028715000007650815 0.003457999999227468 
600 0.006029800002579577 0.005123899998579873 
800 0.007586400002765004 0.007986499997059582 
1000 0.01588859999901615 0.0175124000015785 
2000 0.062084799999865936 0.10792669999864302 
5000 0.4624804999984917 0.9680731000007654 
10000 1.785985399998026 6.393643499999598 
15000 5.450669199999538 18.809272200000123 
