2 0.17701990000205114 0.00030499999775202014 
4 8.660000094096176e-05 7.339999865507707e-05 
10 6.379999831551686e-05 8.180000077118166e-05 
15 8.890000026440248e-05 5.339999916031957e-05 
20 0.00013760000001639128 7.130000085453503e-05 
30 0.006660199996986194 0.0004394000025058631 
35 0.00011300000187475234 0.0007189999996626284 
40 0.00012140000035287812 0.00020219999714754522 
45 4.740000076708384e-05 0.0006276999993133359 
50 5.530000271392055e-05 0.0001722999986668583 
55 5.1300001359777525e-05 0.00045200000022305176 
60 4.5500000851461664e-05 0.00015099999654921703 
65 3.939999805879779e-05 0.0001227000029757619 
80 4.260000059730373e-05 0.0001353999978164211 
100 7.819999882485718e-05 0.00015239999993355013 
150 0.00013889999900129624 0.0004651000017474871 
170 0.00027430000045569614 0.00036040000122739 
200 0.0006832999970356468 0.0003361000017321203 
250 0.00039340000148513354 0.0005753000004915521 
400 0.0019333000018377788 0.002015399997617351 
500 0.0031466000000364147 0.003127299998595845 
600 0.00394110000343062 0.014737999998033047 
800 0.013731600000028266 0.018142100001568906 
1000 0.017181800001708325 0.01739359999919543 
2000 0.06629749999774504 0.10765259999971022 
5000 0.49605159999919124 1.0247477000011713 
10000 1.8104476999978942 7.088612100000319 
15000 5.94313609999881 17.874455000001035 
