2 0.179931900001975 0.0010011999984271824 
4 6.399999983841553e-05 0.00010110000221175142 
10 0.0001049999991664663 0.00010290000136592425 
15 0.00010119999933522195 8.040000102482736e-05 
20 0.0001951000012923032 0.00011659999654511921 
30 0.00013640000179293565 0.0017343999970762525 
35 8.960000195656903e-05 0.00042529999700491317 
40 0.00015319999874918722 0.00018819999968400225 
45 4.1700001020217314e-05 0.00018759999875328504 
50 4.160000025876798e-05 0.0005445999995572492 
55 4.980000085197389e-05 0.00019800000154646114 
60 4.73000000056345e-05 0.00015500000154133886 
65 6.480000229203142e-05 0.00014699999883305281 
80 0.00010449999899719842 0.00018600000112201087 
100 6.000000212225132e-05 0.00021049999850220047 
150 0.0005233000010775868 0.003807499997492414 
170 0.0008020000022952445 0.00046459999794024043 
200 0.0003735000027518254 0.0005213999975239858 
250 0.0004309999967517797 0.000695100003213156 
400 0.0024945000004663598 0.0069154000011621974 
500 0.003336700003274018 0.004337700000178302 
600 0.0052170999988447875 0.007265500000357861 
800 0.009057499999471474 0.010565200002019992 
1000 0.014713600001414306 0.020946099997672718 
2000 0.07762409999850206 0.13268959999913932 
5000 0.558059899998625 1.1402199000003748 
10000 1.8724088000017218 6.655426900000748 
15000 5.302019499999005 17.448468499998853 
