2 0.17975810000280035 0.0003532999980961904 
4 5.810000220662914e-05 8.809999781078659e-05 
10 8.320000051753595e-05 0.0001007999999274034 
15 0.00010969999857479706 6.740000026184134e-05 
20 0.00021130000095581636 8.929999967222102e-05 
30 0.00013219999891589396 0.00011399999857530929 
35 6.900000153109431e-05 0.006719999997585546 
40 0.00011910000102943741 0.00017630000002100132 
45 7.040000127744861e-05 0.00020940000104019418 
50 0.00012539999806904234 0.00018790000103763305 
55 6.319999738479964e-05 0.00047000000267871656 
60 5.450000026030466e-05 0.0001885999990918208 
65 4.930000068270601e-05 0.0001554000009491574 
80 5.410000085248612e-05 0.00017289999959757552 
100 0.00010470000052009709 0.00021980000019539148 
150 0.00010860000111279078 0.004697699998359894 
170 0.0011190999975951854 0.000487600002088584 
200 0.0013160000016796403 0.0004697999975178391 
250 0.0004504999997152481 0.0007216999983938877 
400 0.0024946999983512796 0.007221399999252753 
500 0.003523500003211666 0.003938399997423403 
600 0.0057344000015291385 0.004636300000129268 
800 0.026191200002358528 0.01597339999716496 
1000 0.017189599999255734 0.02419019999797456 
2000 0.07707989999835263 0.1436905000009574 
5000 0.6315218000017921 1.1516426000016509 
10000 1.8082944000016141 5.829104999997071 
15000 5.731146100002661 17.255513500000234 
