2 0.19805320000159554 0.007633900000655558 
4 7.850000110920519e-05 9.31999966269359e-05 
10 0.0003352999992785044 0.008069400002568727 
15 0.0002600999978312757 0.0013211000004957896 
20 0.0001714000027277507 0.0006560000001627486 
30 0.00024309999935212545 0.00013530000069295056 
35 0.0003222999985155184 0.00013410000246949494 
40 8.819999857223593e-05 0.00016970000069704838 
45 4.070000068168156e-05 0.0004578000007313676 
50 7.569999797851779e-05 0.00015800000255694613 
55 6.360000043059699e-05 0.0006451000008382834 
60 6.039999789209105e-05 0.00018950000230688602 
65 0.00025129999994533136 0.00012569999671541154 
80 7.389999882434495e-05 0.0004884000009042211 
100 8.729999899514951e-05 0.00021259999994072132 
150 0.0001224999978148844 0.003957299999456154 
170 0.0006920000014360994 0.0003341999981785193 
200 0.0003276999996160157 0.00035339999885763973 
250 0.0002677000011317432 0.0004907999973511323 
400 0.0017546000017318875 0.002279899999848567 
500 0.0055701000019325875 0.005181399999855785 
600 0.004599799998686649 0.004511700000875862 
800 0.008549399997718865 0.02219130000230507 
1000 0.015229099997668527 0.018517399999836925 
2000 0.06658150000293972 0.10281779999786522 
5000 0.4484309999970719 1.1124916000007943 
10000 1.7104220999972313 5.4222341000022425 
15000 8.382124499999918 21.328613800000312 
