2 0.00023370000053546391 0.022643299998890143 
4 0.00012129999959142879 0.00018150000323657878 
10 2.59000007645227e-05 5.759999839938246e-05 
15 2.7099998987978324e-05 6.630000279983506e-05 
20 4.350000017439015e-05 0.00013939999917056412 
30 4.329999865149148e-05 9.830000271904282e-05 
35 4.4699998397845775e-05 0.0006930000017746352 
40 6.459999713115394e-05 0.00011210000229766592 
45 3.860000288113952e-05 8.469999738736078e-05 
50 4.239999907440506e-05 6.769999890821055e-05 
55 3.4599997889017686e-05 6.950000170036219e-05 
60 2.9200000426499173e-05 7.299999924725853e-05 
65 3.3399999665562063e-05 7.340000229305588e-05 
80 5.529999907594174e-05 8.660000094096176e-05 
100 8.620000153314322e-05 0.0001128999974753242 
150 0.00023879999935161322 0.010775400001875823 
170 0.00048769999921205454 0.000858300001709722 
200 0.00029990000257384963 0.00035179999758838676 
250 0.0004085000000486616 0.0004960000005667098 
400 0.001687700001639314 0.0032562999986112118 
500 0.0021187000020290725 0.0022785000001022127 
600 0.0038960999991104472 0.007582999998703599 
800 0.009354900001198985 0.009083600001758896 
1000 0.013541299998905743 0.020663100000092527 
2000 0.08025620000262279 0.11931369999729213 
5000 0.6089252999991004 1.1716489999998885 
10000 3.491722899998422 7.183391700000357 
15000 8.13438689999748 16.88994260000254 
