2 0.20143520000056014 0.004065900000568945 
4 8.769999840296805e-05 0.00019860000247717835 
10 9.970000246539712e-05 0.00024979999943752773 
15 0.00010040000051958486 0.0001050000028044451 
20 0.00014220000230125152 0.00017639999714447185 
30 0.000121900000522146 0.00011699999959091656 
35 0.00020470000163186342 0.0001823999991756864 
40 6.800000119255856e-05 0.0001678000007814262 
45 5.9699999837903306e-05 0.0004316000013204757 
50 0.00015830000120331533 0.00017079999815905467 
55 7.340000229305588e-05 0.00031369999851449393 
60 9.050000153365545e-05 0.00016730000061215833 
65 7.410000034724362e-05 0.00015179999900283292 
80 9.230000068782829e-05 0.00018569999883766286 
100 8.97999998414889e-05 0.0002096999996865634 
150 0.00012319999950705096 0.004077800000231946 
170 0.000611299998126924 0.0004431000015756581 
200 0.0004630999974324368 0.0004251000027579721 
250 0.00038689999928465113 0.0006314999991445802 
400 0.002026600002864143 0.00226719999773195 
500 0.0032605000014882535 0.0034803999988071155 
600 0.006874400001834147 0.006216199999471428 
800 0.010571200000413228 0.011470200002804631 
1000 0.015642800000932766 0.026512199998251162 
2000 0.07584660000065924 0.12486859999989974 
5000 0.5349358000021311 0.9467522999984794 
10000 1.7569865999976173 5.932676200001879 
15000 6.548835900000995 22.55326839999907 
