2 0.001948999999967782 0.0004469000000426604 
4 0.0017847000001438573 0.0003348000000187312 
10 0.001659300000028452 0.0003755999998702464 
15 0.001493199999913486 0.00047490000019934087 
20 0.0014446999998654064 0.00019220000012865057 
30 0.0014722999999321473 0.00015039999993859965 
35 0.0012976000000435306 0.00013799999987895717 
40 0.001241499999878215 0.00014379999993252568 
45 0.0015089000000898523 0.00015909999979157874 
50 0.00125449999995908 0.00014420000002246525 
55 0.00127810000003592 0.00014579999992747616 
60 0.001291100000116785 0.0002225000000635191 
65 0.0012643000000025495 0.00016240000013567624 
80 0.0012434000000212109 0.0002248999999210355 
100 0.0013796000000638742 0.00018260000001646404 
150 0.00130500000000211 0.00018879999993259844 
170 0.0012297000000671687 0.00020330000006651971 
200 0.0012557999998534797 0.0002058000000033644 
250 0.0011217999999644235 0.00018989999989571515 
400 0.0010724999999638385 0.00023170000008576608 
500 0.0010849999998754356 0.00026739999998426356 
600 0.0011749000000236265 0.00031880000005912734 
800 0.0012497000000166736 0.00039630000014767575 
1000 0.001356900000018868 0.00044129999992037483 
2000 0.0012974999999642023 0.0008299999999508145 
5000 0.0014651999999841792 0.0018049000000246451 
10000 0.0019002999999884196 0.00427639999998064 
15000 0.002639199999975972 0.006731400000035137 
20000 0.0026772999999593594 0.00871910000000753 
