2 0.0022663999998258078 0.00048560000004727044 
4 0.0021834000001490494 0.00017539999998916755 
10 0.0012688000001617183 0.00013169999988349446 
15 0.0015622000000803382 0.00014940000005481124 
20 0.0014120000000730215 0.0001615999999557971 
30 0.0012744000000566302 0.00013369999987844494 
35 0.0011976000000686327 0.00013420000004771282 
40 0.0015926999999464897 0.0001345999999102787 
45 0.0012973000000329193 0.0001532999999653839 
50 0.0012641000000712665 0.00014600000008613279 
55 0.0012387000001581328 0.00014319999991130317 
60 0.0012254000000666565 0.00015150000012909004 
65 0.001295799999979863 0.00021429999992506055 
80 0.0013268000000152824 0.000176199999941673 
100 0.0012346000000889035 0.0001746000000366621 
150 0.0012383000000681932 0.00018269999986841867 
170 0.0013093999998545769 0.00020770000014636025 
200 0.0013151000000561908 0.0002343999999538937 
250 0.0014205999998466723 0.0002441999999973632 
400 0.001348900000039066 0.00027980000004390604 
500 0.0013547000000926346 0.0003111999999418913 
600 0.0013435999999273918 0.00038340000014613906 
800 0.0013982999998916057 0.0004079000000274391 
1000 0.0011332000001402776 0.00042999999982384907 
2000 0.0012719999999717402 0.0008601000001817738 
5000 0.0016689000001406384 0.0019313999998757936 
10000 0.0019147000000430126 0.004213400000026013 
15000 0.003065699999979188 0.006186299999853873 
20000 0.0028147000000444677 0.009000400000104491 
