2 0.0018737000000328408 0.0005828999999266671 
4 0.0018132000000150583 0.0001726000000417116 
10 0.0015289000000393571 0.0003960999999890191 
15 0.0015654999999696884 0.00018750000003819878 
20 0.0017722000000048865 0.00035780000007434865 
30 0.0013552000000345288 0.00013899999999011925 
35 0.0011733999999705702 0.00013489999992088997 
40 0.0012586000000283093 0.0002781000000595668 
45 0.001268900000013673 0.00014839999994364916 
50 0.0012830999999096093 0.00014520000013362733 
55 0.001202400000011039 0.00014409999994313694 
60 0.001239200000100027 0.00014850000002297747 
65 0.001222000000097978 0.000268199999936769 
80 0.0011339999998654093 0.0001622000002043933 
100 0.0014562999999725434 0.0003022999999302556 
150 0.0011425000000144792 0.00016709999999875436 
170 0.0012489000000641681 0.00017679999996289553 
200 0.0011569000000690721 0.00017419999994672253 
250 0.0010310999998637271 0.00018279999994774698 
400 0.0011219000000437518 0.0002222999999048625 
500 0.000981299999921248 0.00022630000012213713 
600 0.000976900000068781 0.0002586999999039108 
800 0.0010124000000359956 0.0003256999998484389 
1000 0.0009778999999525695 0.0003606999998737592 
2000 0.0011097999999947206 0.00095629999987068 
5000 0.001889499999833788 0.0016520000001492008 
10000 0.0022710999999162595 0.0038756999999804975 
15000 0.0030014999999821157 0.007490899999993417 
20000 0.002746600000136823 0.008107500000051004 
