2 0.0018178000000261818 0.000524900000073103 
4 0.0021747000000686967 0.0005386000000271451 
10 0.0015307000001030246 0.0001506999999492109 
15 0.0014252000000851694 0.00021799999990435026 
20 0.0019162999999480235 0.00020689999996648112 
30 0.0016232000000400149 0.00027890000001207227 
35 0.0012295999999878404 0.00014069999997445848 
40 0.001290599999947517 0.00013910000006944756 
45 0.0012988999999379303 0.00015080000002853922 
50 0.00135790000013003 0.0001505999998698826 
55 0.0012739999999666907 0.00016379999988203053 
60 0.0012718999998924119 0.00015880000000834116 
65 0.0013467000001128326 0.0001502000000073167 
80 0.0013034000000970991 0.00017969999998967978 
100 0.001299799999969764 0.00018390000013823737 
150 0.0013007000000015978 0.00019599999995989492 
170 0.0013492000000496773 0.00021190000006754417 
200 0.0012851999999838881 0.00021779999997306732 
250 0.0012394999998832645 0.0002025999999659689 
400 0.0011816000001090288 0.0002557000000251719 
500 0.0011652000000594853 0.00028919999999743595 
600 0.0011073000000578759 0.00028769999994437967 
800 0.0011008999999830849 0.000361599999905593 
1000 0.001108500000100321 0.0004103999999642838 
2000 0.0012294999999085121 0.0008004999999684514 
5000 0.0014361999999437103 0.001843100000087361 
10000 0.0017345999999633932 0.003919400000086171 
15000 0.0031599999999798456 0.00863430000003973 
20000 0.0033873999998377258 0.010331200000109675 
