2 0.0018138000000362808 0.0005019000000174856 
4 0.002079200000025594 0.0006326000000171916 
10 0.0013859999999112915 0.0001469999999699212 
15 0.0016181000000869972 0.00015569999982290028 
20 0.001846900000145979 0.0002774999998109706 
30 0.0014206999999260006 0.00013480000006893533 
35 0.001278799999909097 0.00013860000012755336 
40 0.001268399999844405 0.00031060000014804245 
45 0.0012125999999170745 0.0001469999999699212 
50 0.0013360000000375294 0.00015029999985927134 
55 0.0012589000000389206 0.00015419999999721767 
60 0.0013033000000177708 0.0001557999999022286 
65 0.0012381999999888649 0.00015210000015031255 
80 0.001211799999964569 0.00017099999990932702 
100 0.0012182999998913147 0.00016930000015236146 
150 0.0013372000000799744 0.00018890000001192675 
170 0.0012842000001000997 0.00019769999994423415 
200 0.0012798999998722138 0.00019459999998616695 
250 0.0012713999999505177 0.00022170000011101365 
400 0.001255899999932808 0.0002609000000575179 
500 0.001284199999872726 0.00026190000016868 
600 0.0010733000001437176 0.0002803999998377549 
800 0.0010968999999931839 0.0003521999999520631 
1000 0.0011034000001473032 0.00040969999986373296 
2000 0.001226000000087879 0.0007975000000897126 
5000 0.001434699999890654 0.001871799999889845 
10000 0.0019002999999884196 0.004388700000163226 
15000 0.0032622999999603053 0.007373199999847202 
20000 0.003339900000128182 0.00949199999990924 
