2 0.0022202999998626183 0.000259300000152507 
4 0.001680800000031013 0.00015349999989666685 
10 0.0027161999998952524 0.00025500000015199475 
15 0.0018476999998711108 0.000478200000088691 
20 0.001837900000055015 0.0004682999999658932 
30 0.002687299999934112 0.00026479999996809056 
35 0.0021721999999044783 0.0001965000001291628 
40 0.0021853000000646716 0.00022149999995235703 
45 0.0021780999998100015 0.0006543000001784094 
50 0.0017623000001094624 0.00024660000008225325 
55 0.002708099999836122 0.00038010000002941524 
60 0.001909400000158712 0.0002030999999078631 
65 0.0014863000001241744 0.00019419999989622738 
80 0.0015468999999939115 0.0002088999999614316 
100 0.0015221999999539548 0.0002537000000302214 
150 0.0014386000000286003 0.00024389999998675194 
170 0.001403400000071997 0.000255199999855904 
200 0.001439899999923 0.0002490000001671433 
250 0.0014451999998073006 0.0002678000000742031 
400 0.001871400000027279 0.00036920000002282904 
500 0.0018408000000817992 0.00038840000001982844 
600 0.0018454999999448773 0.00040510000007998315 
800 0.001800600000024133 0.000588299999890296 
1000 0.0018947000000935077 0.0006127999999989697 
2000 0.002109400000108508 0.0014291999998476967 
5000 0.0023691999999755353 0.0033398000000488537 
10000 0.0030664000000797387 0.006176999999979671 
15000 0.0036658000001352775 0.009674899999936315 
20000 0.004306400000132271 0.01225720000002184 
