2 0.001953399999820249 0.00036040000009052164 
4 0.0017491999999492691 0.0005934000000706874 
10 0.0018414999999549764 0.00039430000015272526 
15 0.0015649000001758395 0.00016869999990376527 
20 0.0017546999999922264 0.00024710000002414745 
30 0.0012765999999828637 0.00015120000011847878 
35 0.001270299999987401 0.00014230000010684307 
40 0.0014066000001093926 0.0001391999999214022 
45 0.0012118999998165236 0.00013440000020636944 
50 0.0011940000001686712 0.00013819999981024012 
55 0.0012959000000591914 0.00014299999998002022 
60 0.0016015000001061708 0.00015599999983351154 
65 0.001230200000009063 0.0001586000000770582 
80 0.0012624000000869273 0.0001667999999881431 
100 0.001261099999965154 0.00018569999997453124 
150 0.0013667000000623375 0.00018780000004881003 
170 0.0012577999998484302 0.00019100000008620555 
200 0.0013094000000819506 0.00021739999988312775 
250 0.0013341999999738618 0.0002209000001585082 
400 0.0013291000000208442 0.0002848999999969237 
500 0.0014885999999023625 0.0003937999999834574 
600 0.0015233999999963999 0.00036249999993742676 
800 0.0016332000000147673 0.0004538000000593456 
1000 0.0013813000000482134 0.0005266999999093969 
2000 0.001425499999868407 0.0008712000001196429 
5000 0.0016805999998723564 0.0020051000001330976 
10000 0.001960999999937485 0.00508140000010826 
15000 0.002169800000046962 0.007174599999871134 
20000 0.0034024999999928696 0.011683199999879434 
