2 0.0032489000000168744 0.0002658999999312073 
4 0.0035640999999486667 0.0005681000000095082 
10 0.0025117000000136613 0.0002347999998164596 
15 0.002863299999944502 0.00023060000012264936 
20 0.001942700000199693 0.00041759999999158026 
30 0.001409699999840086 0.0003710000000864966 
35 0.0013139000000137457 0.0002471999998761021 
40 0.0011991999999736436 0.00014060000012250384 
45 0.0012251000000560452 0.00014050000004317553 
50 0.001245299999936833 0.00015080000002853922 
55 0.0012145000000600703 0.0002167000000099506 
60 0.0012280999999347841 0.00015900000016699778 
65 0.0012388000000100874 0.000146500000028027 
80 0.0012712000000192347 0.00018270000009579235 
100 0.0012252999999873282 0.00017640000010032963 
150 0.0012447999999949388 0.00018320000003768655 
170 0.0011678000000756583 0.00019320000001243898 
200 0.0012454000000161614 0.0003191000000697386 
250 0.001228600000104052 0.00021479999986695475 
400 0.00105489999987185 0.0002230000000054133 
500 0.0010545000000092841 0.0002532000000883272 
600 0.0011036000000785862 0.00028019999990647193 
800 0.001104199999872435 0.00035049999996772385 
1000 0.0011050000000523141 0.00040459999991071527 
2000 0.0013471999998273532 0.0008143000000018219 
5000 0.0014416999999866675 0.0017599000000245724 
10000 0.0024512999998478335 0.0038109000001895765 
15000 0.0023278999999547523 0.006234499999891341 
20000 0.003466499999831285 0.009834800000135147 
