2 0.002334699999892109 0.00018380000005890906 
4 0.0015050999998038606 0.00013670000021193118 
10 0.0016207999999551248 0.0007402999999612803 
15 0.0013215000001309818 0.0001843999998527579 
20 0.001699000000144224 0.0003002999999353051 
30 0.0014048999998976797 0.000181399999974019 
35 0.0017659000000094238 0.00029760000006717746 
40 0.0012875000002168235 0.00013699999999516876 
45 0.0016222000001562265 0.00015719999987595656 
50 0.0013541999999233667 0.00029429999995045364 
55 0.0014553999999407097 0.00014209999994818645 
60 0.0016792000001260021 0.00026170000001002336 
65 0.0013564000000769738 0.0001497000000654225 
80 0.0012732000000141852 0.0001690000001417502 
100 0.0012111999999433465 0.0001627000001462875 
150 0.0012268999998923391 0.00018199999999524152 
170 0.0011962000000949047 0.00017219999995177204 
200 0.0010866000000078202 0.00019029999998565472 
250 0.0011226999999962572 0.00018580000005385955 
400 0.0010643000000527536 0.00022060000014789694 
500 0.001065299999936542 0.00025040000014087127 
600 0.00099169999998594 0.0002470000001721928 
800 0.0009730999997827894 0.0003108000000793254 
1000 0.0009970000000976142 0.0003566000000319036 
2000 0.0010898999998971703 0.0007073000001582841 
5000 0.0012655999998969492 0.001588600000104634 
10000 0.001612099999874772 0.003794700000071316 
15000 0.0024659999999130378 0.0062163000000055035 
20000 0.0029027999999016174 0.008557699999983015 
