2 0.0017665000000306463 0.0006385000001500885 
4 0.00167820000001484 0.00012400000014167745 
10 0.0015266000000337954 0.00044610000009015494 
15 0.0014900000001034641 0.00014059999989513017 
20 0.0020177999999759777 0.00026260000004185713 
30 0.0013573999999607622 0.00016909999999370484 
35 0.0012639000001399836 0.00015199999984361057 
40 0.0012348000000201864 0.0001419000000169035 
45 0.001431700000011915 0.00016000000005078618 
50 0.001216800000065632 0.0001417999999375752 
55 0.0012782000001152483 0.00014680000003863825 
60 0.001246499999979278 0.00015000000007603376 
65 0.0011920999997983017 0.00014790000000175496 
80 0.0013056000000233325 0.00016919999984565948 
100 0.0014212999999472231 0.00019029999998565472 
150 0.0013212999999723252 0.0001912000000174885 
170 0.0013571999998021056 0.0002111000001150387 
200 0.0012900000001536682 0.00022269999999480206 
250 0.0013132000001405686 0.00021859999992557277 
400 0.0013046999999914988 0.00029429999995045364 
500 0.0012306000000990025 0.00029489999997167615 
600 0.0011644000001069799 0.00030519999995703984 
800 0.0012521999999535183 0.00040029999991020304 
1000 0.0012371000000257482 0.000443300000142699 
2000 0.0012778999998772633 0.0008156000001235952 
5000 0.0014432000000397238 0.0018515000001571025 
10000 0.001759799999945244 0.004050099999858503 
15000 0.0029144000000087544 0.006162899999935689 
20000 0.003212899999880392 0.009743500000013228 
