Corrida 0 
2 0.005619600000500213 64 
4 0.0009554999996908009 256 
10 0.00013020000187680125 1600 
15 0.0002693999995244667 3600 
20 0.006850099998700898 6400 
30 0.004073899999639252 14400 
35 0.004330200001277262 19600 
40 0.0006151000015961472 25600 
45 0.0009629999985918403 32400 
50 0.0004533000028459355 40000 
55 0.0003448999996180646 48400 
60 0.00033600000097067095 57600 
65 0.002569000000221422 67600 
80 0.001971500001673121 102400 
100 0.0006450000000768341 160000 
150 0.0020183000015094876 360000 
170 0.0010894999977608677 462400 
200 0.00166200000239769 640000 
250 0.003041500000108499 1000000 
400 0.004169100000581238 2560000 
500 0.00800840000010794 4000000 
600 0.010327299998607486 5760000 
800 0.024903100002120482 10240000 
1000 0.050948399999469984 16000000 
2000 0.37670000000071013 64000000 
5000 3.7100266000015836 400000000 
10000 28.005441700002848 1600000000 

Corrida 1 
2 0.09261630000037258 64 
4 0.00010000000111176632 256 
10 6.880000000819564e-05 1600 
15 6.919999941601418e-05 3600 
20 0.00010040000051958486 6400 
30 0.00012109999806853011 14400 
35 0.00020120000044698827 19600 
40 0.0002432000001135748 25600 
45 0.0005464000023494009 32400 
50 0.0005104999981995206 40000 
55 0.0005380000002332963 48400 
60 0.0004945000000589062 57600 
65 0.000631200000498211 67600 
80 0.0006267999997362494 102400 
100 0.00045119999776943587 160000 
150 0.000661899997794535 360000 
170 0.0008369999995920807 462400 
200 0.0010234000001219101 640000 
250 0.0015524000009463634 1000000 
400 0.0041971999999077525 2560000 
500 0.007673899999645073 4000000 
600 0.011308400000416441 5760000 
800 0.022105400003056275 10240000 
1000 0.040094600000884384 16000000 
2000 0.29695429999992484 64000000 
5000 3.47405770000114 400000000 
10000 24.74497909999991 1600000000 

Corrida 2 
2 0.06399299999975483 64 
4 0.00025040000036824495 256 
10 0.0001384999995934777 1600 
15 0.00012209999840706587 3600 
20 8.259999958681874e-05 6400 
30 9.839999984251335e-05 14400 
35 0.0002423999976599589 19600 
40 0.00035960000241175294 25600 
45 0.00038610000046901405 32400 
50 0.00043340000047464855 40000 
55 0.0004538000030152034 48400 
60 0.0004627999987860676 57600 
65 0.0006596000021090731 67600 
80 0.0006097000004956499 102400 
100 0.0007186999973782804 160000 
150 0.0009157000022241846 360000 
170 0.0009699000002001412 462400 
200 0.000897999998414889 640000 
250 0.0013676999988092575 1000000 
400 0.0037293000023055356 2560000 
500 0.0069101000008231495 4000000 
600 0.00995369999873219 5760000 
800 0.021358599999075523 10240000 
1000 0.04143859999749111 16000000 
2000 0.2936038000007102 64000000 
5000 3.1882695000022068 400000000 
10000 24.2498119999982 1600000000 

Corrida 3 
2 0.0823990999997477 64 
4 0.00010440000187372789 256 
10 6.500000017695129e-05 1600 
15 6.55999974696897e-05 3600 
20 9.839999984251335e-05 6400 
30 0.00011129999984405003 14400 
35 0.0004488000013225246 19600 
40 0.00018509999790694565 25600 
45 0.00019749999773921445 32400 
50 0.00020880000010947697 40000 
55 0.00020870000298600644 48400 
60 0.00022950000129640102 57600 
65 0.00030390000029001385 67600 
80 0.000323799999023322 102400 
100 0.00042949999988195486 160000 
150 0.0010364000008848961 360000 
170 0.0008206999991671182 462400 
200 0.0009658000017225277 640000 
250 0.0017629999965720344 1000000 
400 0.004312099998060148 2560000 
500 0.007608100000652485 4000000 
600 0.011369699997885618 5760000 
800 0.023912900000141235 10240000 
1000 0.03650180000113323 16000000 
2000 0.28160810000190395 64000000 
5000 3.230413799999951 400000000 
10000 23.594940599999973 1600000000 

Corrida 4 
2 0.06499940000139759 64 
4 8.499999967170879e-05 256 
10 6.489999941550195e-05 1600 
15 4.369999805931002e-05 3600 
20 0.00012069999866071157 6400 
30 0.0001173999989987351 14400 
35 0.0002626000023155939 19600 
40 0.00037430000156746246 25600 
45 0.000380000001314329 32400 
50 0.00039479999759350903 40000 
55 0.00035829999978886917 48400 
60 0.0004427999992913101 57600 
65 0.0008158999989973381 67600 
80 0.0006107999979576562 102400 
100 0.0006536000000778586 160000 
150 0.0006459999967773911 360000 
170 0.0008765999991737772 462400 
200 0.0009366000012960285 640000 
250 0.0014824999998381827 1000000 
400 0.0037568000007013325 2560000 
500 0.006699000001390232 4000000 
600 0.01026369999817689 5760000 
800 0.021408499997050967 10240000 
1000 0.04235070000140695 16000000 
2000 0.28917310000178986 64000000 
5000 3.321768999998312 400000000 
10000 25.285708300001716 1600000000 

Corrida 5 
2 0.07490659999893978 64 
4 8.829999933368526e-05 256 
10 3.740000101970509e-05 1600 
15 3.3299998904112726e-05 3600 
20 7.610000102431513e-05 6400 
30 0.00016989999858196825 14400 
35 0.00025019999884534627 19600 
40 0.0002829000004567206 25600 
45 0.000338700003339909 32400 
50 0.00041480000072624534 40000 
55 0.00046659999861731194 48400 
60 0.00040299999818671495 57600 
65 0.0006183999976201449 67600 
80 0.00032640000063111074 102400 
100 0.0003966000003856607 160000 
150 0.0008540000017092098 360000 
170 0.0007872000023780856 462400 
200 0.0008791000000201166 640000 
250 0.001249099997949088 1000000 
400 0.003249699999287259 2560000 
500 0.006646999998338288 4000000 
600 0.010870199999772012 5760000 
800 0.021871000000828644 10240000 
1000 0.042068599999765866 16000000 
2000 0.28631809999933466 64000000 
5000 3.166024099999049 400000000 
10000 24.003824400002486 1600000000 

Corrida 6 
2 0.08365409999896656 64 
4 0.00042609999945852906 256 
10 6.660000144620426e-05 1600 
15 6.659999780822545e-05 3600 
20 9.639999916544184e-05 6400 
30 0.0003455000005487818 14400 
35 0.00019070000053034164 19600 
40 0.00019260000044596381 25600 
45 0.0002117000003636349 32400 
50 0.00020810000205528922 40000 
55 0.00022820000231149606 48400 
60 0.0004665000014938414 57600 
65 0.0004996000025130343 67600 
80 0.0005594000031123869 102400 
100 0.0006775000001653098 160000 
150 0.0006783999997423962 360000 
170 0.0007631000007677358 462400 
200 0.0008944000001065433 640000 
250 0.0018357000008109026 1000000 
400 0.005351799998607021 2560000 
500 0.007028100000752602 4000000 
600 0.010390999999799533 5760000 
800 0.021585899998171953 10240000 
1000 0.04349979999824427 16000000 
2000 0.28348280000136583 64000000 
5000 3.14278970000305 400000000 
10000 24.833397700000205 1600000000 

Corrida 7 
2 0.09905069999877014 64 
4 9.829999908106402e-05 256 
10 5.030000102124177e-05 1600 
15 4.6899996959837154e-05 3600 
20 7.890000051702373e-05 6400 
30 0.0005498999998962972 14400 
35 0.0002749999985098839 19600 
40 0.00072580000050948 25600 
45 0.0006238999994820915 32400 
50 0.0005610999978671316 40000 
55 0.0006439999997382984 48400 
60 0.0005974000014248304 57600 
65 0.0006485999983851798 67600 
80 0.0003724999987753108 102400 
100 0.0004727000014099758 160000 
150 0.0007511000003432855 360000 
170 0.0008476000002701767 462400 
200 0.0012556000001495704 640000 
250 0.001595500001712935 1000000 
400 0.004133800001000054 2560000 
500 0.008303800001158379 4000000 
600 0.011288400000921683 5760000 
800 0.020903299999190494 10240000 
1000 0.041234100001020124 16000000 
2000 0.27616349999880185 64000000 
5000 3.4718137000018032 400000000 
10000 24.485634000000573 1600000000 

Corrida 8 
2 0.07647450000149547 64 
4 0.00021390000256360509 256 
10 4.619999890564941e-05 1600 
15 4.020000051241368e-05 3600 
20 6.690000009257346e-05 6400 
30 0.00019350000002305023 14400 
35 0.0002660999998624902 19600 
40 0.0003035000008821953 25600 
45 0.0003469000002951361 32400 
50 0.00040269999954034574 40000 
55 0.00044519999937620014 48400 
60 0.0003851000001304783 57600 
65 0.0005175000005692709 67600 
80 0.000518299999384908 102400 
100 0.0006307000003289431 160000 
150 0.0008039999993343372 360000 
170 0.0010024000002886169 462400 
200 0.0010125999979209155 640000 
250 0.0014783000005991198 1000000 
400 0.003900199997588061 2560000 
500 0.006766099999367725 4000000 
600 0.010273500000039348 5760000 
800 0.02172710000013467 10240000 
1000 0.041857700001855846 16000000 
2000 0.29389350000201375 64000000 
5000 3.3117793000019446 400000000 
10000 25.04263379999975 1600000000 

Corrida 9 
2 0.08487130000139587 64 
4 0.00025210000239894725 256 
10 0.00020139999833190814 1600 
15 6.860000212327577e-05 3600 
20 0.00010069999916595407 6400 
30 0.00010449999899719842 14400 
35 0.00019529999917722307 19600 
40 0.00020650000078603625 25600 
45 0.00021710000146413222 32400 
50 0.00020510000103968196 40000 
55 0.0002296999991813209 48400 
60 0.00022780000290367752 57600 
65 0.0003423999987717252 67600 
80 0.00032869999995455146 102400 
100 0.0004101000013179146 160000 
150 0.0006768999992345925 360000 
170 0.0008314000006066635 462400 
200 0.0009726999996928498 640000 
250 0.0014148999980534427 1000000 
400 0.0039008999992802273 2560000 
500 0.006945999997697072 4000000 
600 0.01062149999779649 5760000 
800 0.02115599999888218 10240000 
1000 0.03540409999914118 16000000 
2000 0.29704969999875175 64000000 
5000 3.44558970000071 400000000 
10000 25.537669900000765 1600000000 

FINAL 
