Corrida 0 
2 0.0001368000002912595 64 
4 3.9600000036443816e-05 256 
10 7.829999958630651e-05 1600 
15 6.499999972220394e-05 3600 
20 9.4600000011269e-05 6400 
30 0.00013119999994160025 14400 
35 0.0001967999996850267 19600 
40 0.00015840000014577527 25600 
45 0.00021779999997306732 32400 
50 0.0002696999999898253 40000 
55 0.0001575000001139415 48400 
60 0.00018950000003314926 57600 
65 0.00020989999984522 67600 
80 0.00028770000017175335 102400 
100 0.0004512000000431726 160000 
150 0.000892799999746785 360000 
170 0.0008178999996744096 462400 
200 0.0013539000001401291 640000 
250 0.0022444999999606807 1000000 
400 0.0062683999999535445 2560000 
500 0.010151099999802682 4000000 
600 0.018089400000008027 5760000 
800 0.030413899999985006 10240000 
1000 0.05647849999968457 16000000 
2000 0.41388329999972484 64000000 
5000 3.446512999999868 400000000 
10000 24.781269300000076 1600000000 

Corrida 1 
2 0.07494779999979073 64 
4 5.779999992228113e-05 256 
10 4.340000032243552e-05 1600 
15 3.709999964485178e-05 3600 
20 4.310000031182426e-05 6400 
30 7.310000000870787e-05 14400 
35 0.000147800000377174 19600 
40 7.879999975557439e-05 25600 
45 8.189999971364159e-05 32400 
50 8.949999983087764e-05 40000 
55 8.729999990464421e-05 48400 
60 0.00010250000013911631 57600 
65 0.00012059999971825164 67600 
80 0.0001526999999441614 102400 
100 0.00022699999999531428 160000 
150 0.0005006999999750406 360000 
170 0.0006115000001045701 462400 
200 0.0008996999999908439 640000 
250 0.0016777000000729458 1000000 
400 0.005932999999913591 2560000 
500 0.010307600000032835 4000000 
600 0.016835200000059558 5760000 
800 0.03690679999999702 10240000 
1000 0.06614929999977903 16000000 
2000 0.4490445000001273 64000000 
5000 3.1977560999998786 400000000 
10000 24.246756300000015 1600000000 

Corrida 2 
2 0.08171700000002602 64 
4 5.319999991115765e-05 256 
10 3.90000000152213e-05 1600 
15 3.509999987727497e-05 3600 
20 3.9600000036443816e-05 6400 
30 5.600000031336094e-05 14400 
35 0.00016069999992396333 19600 
40 8.600000001024455e-05 25600 
45 8.969999998953426e-05 32400 
50 9.929999987434712e-05 40000 
55 9.509999972578953e-05 48400 
60 0.00010849999989659409 57600 
65 0.00012550000019473373 67600 
80 0.0001627000001462875 102400 
100 0.0002285999999003252 160000 
150 0.0004536999999800173 360000 
170 0.0005504999999175197 462400 
200 0.000786699999935081 640000 
250 0.0012879000000793894 1000000 
400 0.00435620000007475 2560000 
500 0.007012099999883503 4000000 
600 0.012284299999919313 5760000 
800 0.02763920000006692 10240000 
1000 0.04974050000009811 16000000 
2000 0.37204990000009275 64000000 
5000 3.540462000000389 400000000 
10000 26.58698930000037 1600000000 

Corrida 3 
2 0.07646780000004583 64 
4 4.3399999867688166e-05 256 
10 3.319999996165279e-05 1600 
15 3.060000017285347e-05 3600 
20 3.3599999824218685e-05 6400 
30 4.760000001624576e-05 14400 
35 0.00016869999990376527 19600 
40 8.159999970303033e-05 25600 
45 9.240000008503557e-05 32400 
50 0.00010249999968436896 40000 
55 0.00011159999985466129 48400 
60 0.000120499999866297 57600 
65 0.00013429999989966745 67600 
80 0.00016730000015741098 102400 
100 0.0002524999999877764 160000 
150 0.0005009999999856518 360000 
170 0.0006411999997908424 462400 
200 0.0009098000000449247 640000 
250 0.0013939000000391388 1000000 
400 0.004958400000305119 2560000 
500 0.008636099999876024 4000000 
600 0.014516199999889068 5760000 
800 0.03288310000016281 10240000 
1000 0.05899580000004789 16000000 
2000 0.3370766999996704 64000000 
5000 3.4764949000000342 400000000 
10000 26.777278099999876 1600000000 

Corrida 4 
2 0.07687680000026376 64 
4 4.419999959281995e-05 256 
10 3.2500000088475645e-05 1600 
15 3.0200000310287578e-05 3600 
20 3.2899999951041536e-05 6400 
30 4.760000001624576e-05 14400 
35 0.0001700000002529123 19600 
40 8.110000044325716e-05 25600 
45 0.00010149999980058055 32400 
50 0.00010359999987485935 40000 
55 0.00011270000004515168 48400 
60 0.00012019999985568575 57600 
65 0.00013720000015382539 67600 
80 0.00016940000023168977 102400 
100 0.00025319999986095354 160000 
150 0.0005009999999856518 360000 
170 0.0006381000002875226 462400 
200 0.0008963000000221655 640000 
250 0.001421699999809789 1000000 
400 0.005095499999697495 2560000 
500 0.008501499999965745 4000000 
600 0.012555100000099628 5760000 
800 0.027087300000403047 10240000 
1000 0.048319699999865406 16000000 
2000 0.3397482000000309 64000000 
5000 3.5643317999997635 400000000 
10000 26.531568399999742 1600000000 

Corrida 5 
2 0.080536999999822 64 
4 4.939999962516595e-05 256 
10 3.819999983534217e-05 1600 
15 3.390000028957729e-05 3600 
20 3.870000000461005e-05 6400 
30 5.3200000365905e-05 14400 
35 0.0001855000000432483 19600 
40 7.130000039978768e-05 25600 
45 8.419999994657701e-05 32400 
50 9.4600000011269e-05 40000 
55 9.15000000532018e-05 48400 
60 0.00010580000025584013 57600 
65 0.0001229999998031417 67600 
80 0.00015150000035646372 102400 
100 0.0002310000004399626 160000 
150 0.0004917999999634048 360000 
170 0.0005896999996366503 462400 
200 0.0007557999997516163 640000 
250 0.0013991000000714848 1000000 
400 0.004680000000007567 2560000 
500 0.008168800000021292 4000000 
600 0.013794999999845459 5760000 
800 0.03154689999973925 10240000 
1000 0.05681959999992614 16000000 
2000 0.3634609000000637 64000000 
5000 3.472252600000047 400000000 
10000 26.2469215000001 1600000000 

Corrida 6 
2 0.07550369999989925 64 
4 4.820000003746827e-05 256 
10 3.400000014153193e-05 1600 
15 2.989999984492897e-05 3600 
20 3.329999981360743e-05 6400 
30 4.709999984697788e-05 14400 
35 0.00016899999991437653 19600 
40 7.060000007186318e-05 25600 
45 7.580000010420918e-05 32400 
50 8.340000022144523e-05 40000 
55 9.000000000014552e-05 48400 
60 9.69999996414117e-05 57600 
65 0.000110200000108307 67600 
80 0.0001415000001543376 102400 
100 0.00020429999995030812 160000 
150 0.00043440000035843696 360000 
170 0.0005510999999387423 462400 
200 0.0006886999999551335 640000 
250 0.001323099999808619 1000000 
400 0.004652399999940826 2560000 
500 0.00806609999972352 4000000 
600 0.013671700000031706 5760000 
800 0.03161360000012792 10240000 
1000 0.05893580000019938 16000000 
2000 0.33707100000037826 64000000 
5000 3.479022200000145 400000000 
10000 26.384734799999933 1600000000 

Corrida 7 
2 0.07622749999973166 64 
4 4.830000034417026e-05 256 
10 3.409999999348656e-05 1600 
15 3.040000001419685e-05 3600 
20 3.389999983482994e-05 6400 
30 4.710000030172523e-05 14400 
35 0.00016749999986132025 19600 
40 6.540000003951718e-05 25600 
45 7.820000018909923e-05 32400 
50 8.350000007339986e-05 40000 
55 8.870000010574586e-05 48400 
60 0.00010019999990618089 57600 
65 0.0001121999998758838 67600 
80 0.00014280000004873727 102400 
100 0.00020910000012008823 160000 
150 0.0005102000000078988 360000 
170 0.0005809999997836712 462400 
200 0.0007184999999481079 640000 
250 0.0013558000000557513 1000000 
400 0.004729199999928824 2560000 
500 0.008234299999912764 4000000 
600 0.014144600000236096 5760000 
800 0.031945299999733834 10240000 
1000 0.05654649999996764 16000000 
2000 0.37235229999987496 64000000 
5000 3.6497340999999324 400000000 
10000 26.12025730000005 1600000000 

Corrida 8 
2 0.07814389999975901 64 
4 5.069999997431296e-05 256 
10 3.860000015265541e-05 1600 
15 3.3799999982875306e-05 3600 
20 3.8499999845953425e-05 6400 
30 5.3700000080425525e-05 14400 
35 0.00016559999994569807 19600 
40 7.169999980760622e-05 25600 
45 8.969999998953426e-05 32400 
50 9.229999977833359e-05 40000 
55 9.109999973588856e-05 48400 
60 0.00010470000006534974 57600 
65 0.00011829999994006357 67600 
80 0.00015399999983856105 102400 
100 0.000225499999942258 160000 
150 0.00048620000006849295 360000 
170 0.0005569999998442654 462400 
200 0.0007482999999410822 640000 
250 0.0014001999998072279 1000000 
400 0.004664900000079797 2560000 
500 0.00807459999987259 4000000 
600 0.014358200000060606 5760000 
800 0.03253919999997379 10240000 
1000 0.05867369999987204 16000000 
2000 0.3530407999996896 64000000 
5000 3.467766700000084 400000000 
10000 47.17323609999994 1600000000 

Corrida 9 
2 0.16568160000042553 64 
4 0.00010840000004463946 256 
10 9.32000002649147e-05 1600 
15 8.830000024317997e-05 3600 
20 9.799999997994746e-05 6400 
30 0.00010470000006534974 14400 
35 0.00019969999993918464 19600 
40 0.00014370000008057104 25600 
45 0.00016439999990325305 32400 
50 0.00018629999976838008 40000 
55 0.00028050000037183054 48400 
60 0.000325400000292575 57600 
65 0.0004080000003341411 67600 
80 0.0004059000002598623 102400 
100 0.0006367999999383755 160000 
150 0.0012677999998231826 360000 
170 0.0013280999996823084 462400 
200 0.0020386000001053617 640000 
250 0.002741700000115088 1000000 
400 0.009497300000020914 2560000 
500 0.016586799999913637 4000000 
600 0.02617659999987154 5760000 
800 0.04928800000016054 10240000 
1000 0.09860380000009172 16000000 
2000 0.5581257999997433 64000000 
5000 7.014195799999925 400000000 
10000 58.88603090000015 1600000000 

FINAL 
