Corrida 0 
2 0.006584999999631691 32 
4 0.0005027000001973647 128 
10 5.7899999774235766e-05 800 
15 4.1400000100111356e-05 1800 
20 0.011912299999949028 3200 
30 0.000908500000150525 7200 
35 0.003143299999919691 9800 
40 0.000885299999936251 12800 
45 0.0014833999998700165 16200 
50 0.0003490000003694149 20000 
55 0.0005860999999640626 24200 
60 0.00025600000026315683 28800 
65 0.0024531000003662484 33800 
80 0.001130299999658746 51200 
100 0.0010278999998263316 80000 
150 0.0012510999999904016 180000 
170 0.0007857999999032472 231200 
200 0.0008050999999795749 320000 
250 0.0011200999997527106 500000 
400 0.0026161000000684 1280000 
500 0.004378999999971711 2000000 
600 0.005420099999810191 2880000 
800 0.012455199999749311 5120000 
1000 0.02184159999978874 8000000 
2000 0.1599701999998615 32000000 
5000 1.6667550000001938 200000000 
10000 11.610080599999947 800000000 

Corrida 1 
2 0.03139550000014424 32 
4 9.989999989556964e-05 128 
10 5.0099999953090446e-05 800 
15 3.199999991920777e-05 1800 
20 7.580000010420918e-05 3200 
30 6.409999969037017e-05 7200 
35 0.00019270000029791845 9800 
40 0.00015690000009271898 12800 
45 0.00016000000005078618 16200 
50 0.00015330000042013125 20000 
55 0.00017170000000987784 24200 
60 0.00020399999993969686 28800 
65 0.0002953999996861967 33800 
80 0.00028090000023439643 51200 
100 0.00034950000008393545 80000 
150 0.000576800000089861 180000 
170 0.0006198999999469379 231200 
200 0.0008054999998421408 320000 
250 0.0010600000000522414 500000 
400 0.002548599999954604 1280000 
500 0.004213900000195281 2000000 
600 0.006004500000017288 2880000 
800 0.009791200000108802 5120000 
1000 0.020875300000170682 8000000 
2000 0.14667069999995874 32000000 
5000 1.6131156999999803 200000000 
10000 10.768065400000069 800000000 

Corrida 2 
2 0.0370388000001185 32 
4 0.00011350000022503082 128 
10 5.9699999837903306e-05 800 
15 4.2499999835854396e-05 1800 
20 8.709999974598759e-05 3200 
30 7.900000036897836e-05 7200 
35 0.00016499999992447556 9800 
40 0.00015699999994467362 12800 
45 0.00015170000006037299 16200 
50 0.00016179999965970637 20000 
55 0.00030169999990903307 24200 
60 0.0002420999999230844 28800 
65 0.0002896000000873755 33800 
80 0.0002828000001500186 51200 
100 0.0003154999999424035 80000 
150 0.0005352000002858404 180000 
170 0.0006014000000504893 231200 
200 0.000754400000005262 320000 
250 0.0010103999998136715 500000 
400 0.0024220999998760817 1280000 
500 0.004389700000047014 2000000 
600 0.005763600000136648 2880000 
800 0.01177819999975327 5120000 
1000 0.021554500000092958 8000000 
2000 0.1395477999999457 32000000 
5000 1.5096007000001919 200000000 
10000 10.766183400000045 800000000 

Corrida 3 
2 0.03207060000022466 32 
4 9.49999998738349e-05 128 
10 4.930000022795866e-05 800 
15 3.28000000990869e-05 1800 
20 7.630000027347705e-05 3200 
30 6.469999971159268e-05 7200 
35 0.00016869999990376527 9800 
40 0.0001434000000699598 12800 
45 0.0001498000001447508 16200 
50 0.00015530000018770806 20000 
55 0.00019079999992754892 24200 
60 0.00018560000034995028 28800 
65 0.0003150999996250903 33800 
80 0.000251399999797286 51200 
100 0.0003283999999439402 80000 
150 0.0005068000000392203 180000 
170 0.0005707000000256812 231200 
200 0.0007301999999071995 320000 
250 0.0009478000001763576 500000 
400 0.002132999999957974 1280000 
500 0.004139600000144128 2000000 
600 0.005780699999831995 2880000 
800 0.010402099999737402 5120000 
1000 0.01754690000007031 8000000 
2000 0.14313820000006672 32000000 
5000 1.5744650999999976 200000000 
10000 12.055143799999769 800000000 

Corrida 4 
2 0.03236700000024939 32 
4 9.729999965202296e-05 128 
10 5.109999983687885e-05 800 
15 3.210000022590975e-05 1800 
20 6.949999988137279e-05 3200 
30 6.720000010318472e-05 7200 
35 0.00015000000030340743 9800 
40 0.00013770000032309326 12800 
45 0.000136099999963335 16200 
50 0.0001615999999557971 20000 
55 0.00017360000038024737 24200 
60 0.00024150000035660923 28800 
65 0.0003181000001859502 33800 
80 0.0002778999996735365 51200 
100 0.0003494000002319808 80000 
150 0.0005146999997123203 180000 
170 0.0005793000000267057 231200 
200 0.0006925000002411252 320000 
250 0.0010072000000036496 500000 
400 0.002394900000126654 1280000 
500 0.004086299999926268 2000000 
600 0.005748300000050222 2880000 
800 0.011271899999883317 5120000 
1000 0.02092369999991206 8000000 
2000 0.14299660000006043 32000000 
5000 1.672299700000167 200000000 
10000 12.116285799999787 800000000 

Corrida 5 
2 0.04165060000013909 32 
4 0.00011380000023564207 128 
10 4.739999985758914e-05 800 
15 4.099999978279811e-05 1800 
20 8.200000002034358e-05 3200 
30 7.520000008298666e-05 7200 
35 0.00016520000008313218 9800 
40 0.00015170000006037299 12800 
45 0.00016520000008313218 16200 
50 0.00016279999999824213 20000 
55 0.000184100000296894 24200 
60 0.00020769999991898658 28800 
65 0.0002590999997664767 33800 
80 0.00025649999997767736 51200 
100 0.0003277999999227177 80000 
150 0.0004908999999315711 180000 
170 0.0005707999998776359 231200 
200 0.0007178000000749307 320000 
250 0.0009660999999141495 500000 
400 0.0022035000001778826 1280000 
500 0.004765099999985978 2000000 
600 0.006556799999998475 2880000 
800 0.012087199999768927 5120000 
1000 0.0226689000000988 8000000 
2000 0.16198960000019724 32000000 
5000 1.7631553000001077 200000000 
10000 11.924665900000036 800000000 

Corrida 6 
2 0.04366419999996651 32 
4 0.000110200000108307 128 
10 4.710000030172523e-05 800 
15 4.130000024815672e-05 1800 
20 8.419999994657701e-05 3200 
30 7.679999998799758e-05 7200 
35 0.0001692999999249878 9800 
40 0.00015110000003915047 12800 
45 0.00015669999993406236 16200 
50 0.0001691999996182858 20000 
55 0.00017650000017965795 24200 
60 0.00018490000002202578 28800 
65 0.00027050000016970444 33800 
80 0.00025140000025203335 51200 
100 0.0003905999997186882 80000 
150 0.0005255999999462801 180000 
170 0.0005836999998791725 231200 
200 0.0008082999997895968 320000 
250 0.001013500000226486 500000 
400 0.002228800000011688 1280000 
500 0.003853400000025431 2000000 
600 0.006411599999864848 2880000 
800 0.011990400000286172 5120000 
1000 0.02270649999991292 8000000 
2000 0.14995429999999033 32000000 
5000 1.6957689999999275 200000000 
10000 13.954352100000051 800000000 

Corrida 7 
2 0.04499149999992369 32 
4 0.00013519999993150122 128 
10 8.01000001047214e-05 800 
15 7.66999996812956e-05 1800 
20 0.00013450000005832408 3200 
30 0.0001312999997935549 7200 
35 0.00023149999969973578 9800 
40 0.00021820000029038056 12800 
45 0.00017280000020036823 16200 
50 0.00018430000000080327 20000 
55 0.00020930000027874485 24200 
60 0.0002328000000488828 28800 
65 0.0002552000000832777 33800 
80 0.0002519999998185085 51200 
100 0.0003277999999227177 80000 
150 0.0004914999999527936 180000 
170 0.000598599999648286 231200 
200 0.0007884999999987485 320000 
250 0.0011177000001225679 500000 
400 0.003485699999600911 1280000 
500 0.004662499999994907 2000000 
600 0.006273500000133936 2880000 
800 0.01184319999993022 5120000 
1000 0.02103800000031697 8000000 
2000 0.1523016999999527 32000000 
5000 1.7434745000000476 200000000 
10000 12.480555099999947 800000000 

Corrida 8 
2 0.04980040000009467 32 
4 0.00011859999995067483 128 
10 5.6800000038492726e-05 800 
15 5.149999969944474e-05 1800 
20 9.819999968385673e-05 3200 
30 0.00010449999990669312 7200 
35 0.0001861000000644708 9800 
40 0.0001696000003903464 12800 
45 0.00015239999993355013 16200 
50 0.0001754999998411222 20000 
55 0.00018590000036056153 24200 
60 0.00019120000024486217 28800 
65 0.00026109999998880085 33800 
80 0.000256599999829632 51200 
100 0.0003397999998924206 80000 
150 0.0005189000003156252 180000 
170 0.0006137000000308035 231200 
200 0.000754400000005262 320000 
250 0.0010749999996733095 500000 
400 0.0025190999999722408 1280000 
500 0.004279900000256021 2000000 
600 0.005437199999960285 2880000 
800 0.011767300000428804 5120000 
1000 0.018358900000293943 8000000 
2000 0.16134879999981422 32000000 
5000 1.5508171000001312 200000000 
10000 11.833071000000018 800000000 

Corrida 9 
2 0.04029579999996713 32 
4 0.0001239000002897228 128 
10 4.669999998441199e-05 800 
15 4.3199999709031545e-05 1800 
20 9.300000010625808e-05 3200 
30 7.460000006176415e-05 7200 
35 0.00015829999983907328 9800 
40 0.00017849999994723476 12800 
45 0.0002019999997173727 16200 
50 0.00017040000011547818 20000 
55 0.00017279999974562088 24200 
60 0.00019769999971686048 28800 
65 0.00025300000015704427 33800 
80 0.00024619999976494 51200 
100 0.00031510000007983763 80000 
150 0.0004735000002256129 180000 
170 0.0005434999998215062 231200 
200 0.0006622999999308377 320000 
250 0.000987500000064756 500000 
400 0.0021225000000413274 1280000 
500 0.003822700000000623 2000000 
600 0.006074599999919883 2880000 
800 0.012329700000009325 5120000 
1000 0.022009500000422122 8000000 
2000 0.1580204000001686 32000000 
5000 1.681769499999973 200000000 
10000 12.3666518 800000000 

FINAL 
