Corrida 0 
2 0.00022189999999966403 48 
4 4.8599999999510146e-05 128 
10 5.3199999996422775e-05 560 
15 4.2000000000541604e-05 1140 
20 7.200000000295859e-05 1920 
30 7.340000000510827e-05 4080 
35 7.159999999828415e-05 5460 
40 6.420000000417758e-05 7040 
45 7.949999999823376e-05 8820 
50 7.80000000020209e-05 10800 
55 7.809999999608408e-05 12980 
60 8.399999999397778e-05 15360 
65 9.109999999878937e-05 17940 
80 0.00010400000000032605 26880 
100 0.00013810000000091804 41600 
150 0.0005875999999958026 92400 
170 0.0003582000000008634 118320 
200 0.0004159000000001356 163200 
250 0.0006856999999982349 254000 
400 0.0015225000000000932 646400 
500 0.002494699999999739 1008000 
600 0.003928399999999499 1449600 
800 0.007852400000004423 2572800 
1000 0.01484140000000167 4016000 
2000 0.16228329999999858 16032000 
5000 1.521260500000004 100080000 

Corrida 1 
2 0.00015369999999848005 48 
4 5.549999999487909e-05 128 
10 5.519999999847869e-05 560 
15 5.3900000004603044e-05 1140 
20 6.919999999865922e-05 1920 
30 8.400000000108321e-05 4080 
35 0.00010170000000186974 5460 
40 8.960000000257651e-05 7040 
45 0.00010110000000196351 8820 
50 0.00010629999999878237 10800 
55 0.00011149999999560123 12980 
60 0.00011429999999990059 15360 
65 0.00012660000000153104 17940 
80 0.0001469999999983429 26880 
100 0.00019439999999804058 41600 
150 0.00038260000000178707 92400 
170 0.0004038000000008424 118320 
200 0.000461000000001377 163200 
250 0.0007331999999991012 254000 
400 0.0016773000000043226 646400 
500 0.003097900000000209 1008000 
600 0.004296700000004705 1449600 
800 0.00797239999999988 2572800 
1000 0.02046229999999838 4016000 
2000 0.1379304000000019 16032000 
5000 1.5085448999999969 100080000 

Corrida 2 
2 0.0002652000000011867 48 
4 5.750000000404043e-05 128 
10 5.630000000422797e-05 560 
15 5.449999999740385e-05 1140 
20 7.04999999996403e-05 1920 
30 8.400000000108321e-05 4080 
35 0.00010299999999574538 5460 
40 9.049999999888314e-05 7040 
45 0.00010240000000294458 8820 
50 0.00010479999999546408 10800 
55 0.00011150000000270666 12980 
60 0.00011589999999728207 15360 
65 0.00012710000000026866 17940 
80 0.00014809999999698675 26880 
100 0.00019480000000271502 41600 
150 0.00039590000000089276 92400 
170 0.00039569999999855554 118320 
200 0.00047920000000090113 163200 
250 0.0007491000000001691 254000 
400 0.0018241000000003282 646400 
500 0.003095100000003015 1008000 
600 0.004528300000004037 1449600 
800 0.008541899999997327 2572800 
1000 0.0173069999999953 4016000 
2000 0.15410380000000146 16032000 
5000 1.4995681999999988 100080000 

Corrida 3 
2 0.0002902000000020166 48 
4 6.969999999739684e-05 128 
10 6.09000000011406e-05 560 
15 6.0300000001234366e-05 1140 
20 9.319999999490847e-05 1920 
30 6.229999999618485e-05 4080 
35 6.330000000076552e-05 5460 
40 6.290000000319651e-05 7040 
45 7.03000000044085e-05 8820 
50 0.00010490000000373811 10800 
55 8.839999999565862e-05 12980 
60 0.00014279999999899928 15360 
65 0.00018980000000112796 17940 
80 0.00021859999999662705 26880 
100 0.00013780000000451764 41600 
150 0.00029919999999350466 92400 
170 0.0003069000000053279 118320 
200 0.0003628999999989446 163200 
250 0.0005896999999990271 254000 
400 0.001390499999999406 646400 
500 0.0029516000000029408 1008000 
600 0.003867999999997096 1449600 
800 0.007506700000000421 2572800 
1000 0.015856900000002838 4016000 
2000 0.14434980000000053 16032000 
5000 1.5137321000000057 100080000 

Corrida 4 
2 0.00017869999999930997 48 
4 4.440000000016653e-05 128 
10 5.4300000002172055e-05 560 
15 4.440000000016653e-05 1140 
20 5.850000000151567e-05 1920 
30 6.810000000001537e-05 4080 
35 8.650000000187674e-05 5460 
40 7.160000000538957e-05 7040 
45 8.250000000487034e-05 8820 
50 8.150000000028967e-05 10800 
55 8.549999999729607e-05 12980 
60 8.820000000042683e-05 15360 
65 9.739999999425208e-05 17940 
80 0.00011270000000251912 26880 
100 0.00015120000000479195 41600 
150 0.0003416999999998893 92400 
170 0.00034200000000339514 118320 
200 0.00042979999999914753 163200 
250 0.0006857999999994036 254000 
400 0.0017350000000035948 646400 
500 0.0025538000000011607 1008000 
600 0.004152600000004725 1449600 
800 0.007126599999999428 2572800 
1000 0.014816199999998503 4016000 
2000 0.13874530000000362 16032000 
5000 1.4095723999999947 100080000 

Corrida 5 
2 0.00020250000000032742 48 
4 7.740000000211467e-05 128 
10 6.690000000020291e-05 560 
15 8.849999999682723e-05 1140 
20 8.689999999944575e-05 1920 
30 0.00012130000000354357 4080 
35 0.00011890000000391865 5460 
40 8.970000000374512e-05 7040 
45 8.520000000089567e-05 8820 
50 8.840000000276405e-05 10800 
55 9.16999999986956e-05 12980 
60 0.00012329999999849406 15360 
65 0.00013249999999942474 17940 
80 0.00012679999999676284 26880 
100 0.00017090000000052896 41600 
150 0.0003602999999969825 92400 
170 0.0003619000000014694 118320 
200 0.000434300000001997 163200 
250 0.0007233000000042011 254000 
400 0.002289699999998618 646400 
500 0.005367899999995984 1008000 
600 0.005219199999999091 1449600 
800 0.008149700000004145 2572800 
1000 0.015915599999999586 4016000 
2000 0.15701470000000484 16032000 
5000 1.5300986000000023 100080000 

Corrida 6 
2 0.00011920000000031905 48 
4 4.38000000002603e-05 128 
10 4.399999998838666e-05 560 
15 4.3000000005122274e-05 1140 
20 5.5200000005584116e-05 1920 
30 6.630000000029668e-05 4080 
35 8.379999999874599e-05 5460 
40 7.200000000295859e-05 7040 
45 8.0499999995709e-05 8820 
50 8.34000000082824e-05 10800 
55 9.160000000463242e-05 12980 
60 9.380000000192013e-05 15360 
65 0.00010059999999612046 17940 
80 0.00011379999999405754 26880 
100 0.00015229999999633037 41600 
150 0.0003303999999957341 92400 
170 0.00034119999999404627 118320 
200 0.00043589999999937845 163200 
250 0.0007221000000043887 254000 
400 0.001750299999997651 646400 
500 0.002793300000007548 1008000 
600 0.004050399999997012 1449600 
800 0.007147000000003345 2572800 
1000 0.018698999999998023 4016000 
2000 0.13037070000000028 16032000 
5000 1.4040428000000134 100080000 

Corrida 7 
2 0.0003849000000002434 48 
4 6.269999998664844e-05 128 
10 4.3900000008534334e-05 560 
15 4.200000000764703e-05 1140 
20 5.549999998777366e-05 1920 
30 6.51999999945474e-05 4080 
35 6.800000001305762e-05 5460 
40 6.980000000567088e-05 7040 
45 7.750000000328328e-05 8820 
50 8.129999999084703e-05 10800 
55 8.490000000449527e-05 12980 
60 8.859999999799584e-05 15360 
65 9.769999999775791e-05 17940 
80 0.00011270000000251912 26880 
100 0.00014989999999670545 41600 
150 0.00032090000000550845 92400 
170 0.00034580000000516975 118320 
200 0.00039789999999584325 163200 
250 0.0005226000000106978 254000 
400 0.001908899999989444 646400 
500 0.0026565000000005057 1008000 
600 0.003977900000009527 1449600 
800 0.007027199999996014 2572800 
1000 0.015812499999995566 4016000 
2000 0.1336873000000054 16032000 
5000 1.3987017999999978 100080000 

Corrida 8 
2 0.00047639999999660176 48 
4 0.00035409999999558295 128 
10 0.00018230000000585278 560 
15 0.0001716000000016038 1140 
20 0.0002088999999898533 1920 
30 0.00025000000000829914 4080 
35 0.0002682000000078233 5460 
40 0.00026979999999809934 7040 
45 0.00030069999999682295 8820 
50 0.00031199999999387273 10800 
55 0.00033100000000274576 12980 
60 0.00028809999999168667 15360 
65 0.0002798000000012735 17940 
80 0.00033980000000610744 26880 
100 0.0004296999999979789 41600 
150 0.0007057000000116886 92400 
170 0.0008047000000033222 118320 
200 0.0009955000000019254 163200 
250 0.0014545999999882042 254000 
400 0.002953500000003828 646400 
500 0.0041757999999987305 1008000 
600 0.008876700000001847 1449600 
800 0.007837800000004336 2572800 
1000 0.018296399999996993 4016000 
2000 0.12263939999999707 16032000 
5000 1.3653125999999958 100080000 

Corrida 9 
2 0.00011320000000125674 48 
4 4.220000000998425e-05 128 
10 4.3300000001522676e-05 560 
15 4.1299999992361336e-05 1140 
20 5.469999999263564e-05 1920 
30 6.599999998968542e-05 4080 
35 8.129999999084703e-05 5460 
40 0.00011729999999943175 7040 
45 8.839999999565862e-05 8820 
50 8.649999999477131e-05 10800 
55 9.03999999906091e-05 12980 
60 9.319999999490847e-05 15360 
65 0.00010170000000186974 17940 
80 0.00011320000000125674 26880 
100 0.0001532999999938056 41600 
150 0.000339400000001433 92400 
170 0.0003621999999978698 118320 
200 0.00044409999999572847 163200 
250 0.0005328000000019983 254000 
400 0.0013730000000009568 646400 
500 0.002397000000001981 1008000 
600 0.004161699999997381 1449600 
800 0.007002299999996353 2572800 
1000 0.03125289999999836 4016000 
2000 0.11470359999999857 16032000 
5000 1.4220040000000012 100080000 

FINAL 
