Corrida 0 
2 0.011332600000000248 40 
4 0.00015119999999990696 144 
10 7.739999999989422e-05 840 
15 7.970000000012689e-05 1860 
20 7.819999999991722e-05 3280 
30 0.00012939999999961316 7320 
35 0.0008807000000001786 9940 
40 0.0003646999999999956 12960 
45 0.00046499999999971564 16380 
50 0.0005025000000000723 20200 
55 0.0006559999999997679 24420 
60 0.00036459999999971515 29040 
65 0.0005417999999997036 34060 
80 0.0007888000000000339 51520 
100 0.001246699999999823 80400 
150 0.003312399999999993 180600 
170 0.0033474999999998367 231880 
200 0.004273100000000252 320800 
250 0.007246799999999887 501000 
400 0.022310800000000075 1281600 
500 0.039270099999999974 2002000 
600 0.05423920000000004 2882400 
800 0.11846739999999967 5123200 
1000 0.20864939999999965 8004000 
2000 1.4446451999999996 32008000 
5000 19.0802406 200020000 

Corrida 1 
2 0.006408000000000413 40 
4 8.19999999990273e-05 144 
10 4.129999999946676e-05 840 
15 4.709999999974457e-05 1860 
20 7.000000000090267e-05 3280 
30 9.609999999682373e-05 7320 
35 0.0001870000000003813 9940 
40 0.0001735999999965543 12960 
45 0.00024170000000012237 16380 
50 0.0002592000000021244 20200 
55 0.0002649000000012336 24420 
60 0.0002935999999991168 29040 
65 0.0003493999999975017 34060 
80 0.0005163000000010243 51520 
100 0.0007635000000014713 80400 
150 0.0016801999999991324 180600 
170 0.002119000000000426 231880 
200 0.003342799999998647 320800 
250 0.006135399999998015 501000 
400 0.018109700000000117 1281600 
500 0.03251189999999937 2002000 
600 0.052879499999999524 2882400 
800 0.11937200000000203 5123200 
1000 0.2207010000000018 8004000 
2000 1.7027099999999997 32008000 
5000 20.281624200000003 200020000 

Corrida 2 
2 0.006622499999998865 40 
4 9.340000000435111e-05 144 
10 4.450000000133514e-05 840 
15 7.04999999996403e-05 1860 
20 6.399999999473494e-05 3280 
30 8.139999999912106e-05 7320 
35 0.00016199999999599868 9940 
40 0.0001715000000004352 12960 
45 0.00019759999999990896 16380 
50 0.00024110000000376886 20200 
55 0.0002746000000044546 24420 
60 0.00030209999999897263 29040 
65 0.0003644000000022629 34060 
80 0.0005061999999966815 51520 
100 0.0007718999999966059 80400 
150 0.0019009000000025367 180600 
170 0.0024471999999988725 231880 
200 0.0036309999999986076 320800 
250 0.006311400000001299 501000 
400 0.019598999999999478 1281600 
500 0.033187599999997985 2002000 
600 0.05629319999999893 2882400 
800 0.11601920000000376 5123200 
1000 0.2259517000000031 8004000 
2000 1.5987427999999966 32008000 
5000 19.4003742 200020000 

Corrida 3 
2 0.006479799999993929 40 
4 8.699999999350894e-05 144 
10 4.369999999198626e-05 840 
15 4.870000000778418e-05 1860 
20 5.170000000020991e-05 3280 
30 8.859999999799584e-05 7320 
35 0.00019319999999822812 9940 
40 0.00017300000000375348 12960 
45 0.0001998000000043021 16380 
50 0.00023559999999633874 20200 
55 0.00026619999999866195 24420 
60 0.0002932000000015478 29040 
65 0.00033840000000395776 34060 
80 0.0004967999999934136 51520 
100 0.0007204999999999018 80400 
150 0.002099700000002258 180600 
170 0.0024838000000073635 231880 
200 0.0035117999999982885 320800 
250 0.005706000000003542 501000 
400 0.02017030000000375 1281600 
500 0.03261569999999381 2002000 
600 0.05420439999998905 2882400 
800 0.11784070000000213 5123200 
1000 0.2316112999999973 8004000 
2000 1.5780341999999905 32008000 
5000 19.700800299999997 200020000 

Corrida 4 
2 0.007429800000011255 40 
4 9.340000001145654e-05 144 
10 4.919999999231095e-05 840 
15 6.410000000300897e-05 1860 
20 6.319999999959691e-05 3280 
30 9.310000000084528e-05 7320 
35 0.00021399999999971442 9940 
40 0.00018910000000005311 12960 
45 0.0002424999999988131 16380 
50 0.00030049999999448573 20200 
55 0.0003188000000022839 24420 
60 0.0003336999999987711 29040 
65 0.0003865000000047303 34060 
80 0.0005648000000064712 51520 
100 0.0008419999999915717 80400 
150 0.0020128999999968755 180600 
170 0.00246450000000209 231880 
200 0.0034569000000033157 320800 
250 0.005821300000008023 501000 
400 0.01849159999999017 1281600 
500 0.03249999999999886 2002000 
600 0.053389100000003964 2882400 
800 0.10882689999999684 5123200 
1000 0.21233009999998842 8004000 
2000 1.525046599999996 32008000 
5000 20.333635700000002 200020000 

Corrida 5 
2 0.006461599999994405 40 
4 8.479999999622123e-05 144 
10 4.339999999558586e-05 840 
15 4.8500000005446964e-05 1860 
20 5.109999999319825e-05 3280 
30 7.779999999968368e-05 7320 
35 0.00017210000000034142 9940 
40 0.00016899999999964166 12960 
45 0.00019569999999191623 16380 
50 0.0002384000000006381 20200 
55 0.0004021000000022923 24420 
60 0.00030449999999859756 29040 
65 0.0003393000000073698 34060 
80 0.0005031000000030872 51520 
100 0.0008036999999916361 80400 
150 0.0017887999999999238 180600 
170 0.0021813999999977796 231880 
200 0.0032989000000043234 320800 
250 0.006282099999992852 501000 
400 0.018784400000001256 1281600 
500 0.032455999999996266 2002000 
600 0.05486360000000445 2882400 
800 0.11477589999999793 5123200 
1000 0.21383149999999773 8004000 
2000 1.583468300000007 32008000 
5000 19.874973399999988 200020000 

Corrida 6 
2 0.008155100000010407 40 
4 0.0001336000000264903 144 
10 5.870000001095832e-05 840 
15 9.02000000166936e-05 1860 
20 7.049999999253487e-05 3280 
30 0.00010199999999827014 7320 
35 0.00018560000000888977 9940 
40 0.00020870000000172695 12960 
45 0.00022359999999821412 16380 
50 0.0002525000000161981 20200 
55 0.0002838999999994485 24420 
60 0.0003159000000039214 29040 
65 0.0003643000000010943 34060 
80 0.0005353999999897496 51520 
100 0.0008330999999941469 80400 
150 0.0019396000000142521 180600 
170 0.002551600000003873 231880 
200 0.003784300000006624 320800 
250 0.006573599999995849 501000 
400 0.020548199999979033 1281600 
500 0.03631029999999669 2002000 
600 0.06018299999999499 2882400 
800 0.12950849999998582 5123200 
1000 0.2508703999999966 8004000 
2000 1.767673000000002 32008000 
5000 20.271865399999996 200020000 

Corrida 7 
2 0.006418300000007093 40 
4 8.189999999785869e-05 144 
10 4.110000000423497e-05 840 
15 4.6999999995023245e-05 1860 
20 4.940000002306988e-05 3280 
30 7.560000000239597e-05 7320 
35 0.00016139999999609245 9940 
40 0.00016640000001189037 12960 
45 0.0002301000000102249 16380 
50 0.00023410000000012587 20200 
55 0.00029430000000729706 24420 
60 0.00029490000000009786 29040 
65 0.00034089999999764586 34060 
80 0.0005673999999942225 51520 
100 0.0007597000000032494 80400 
150 0.0016602999999975054 180600 
170 0.002183500000001004 231880 
200 0.0033499000000176693 320800 
250 0.005779799999999113 501000 
400 0.017897099999999 1281600 
500 0.032416699999998855 2002000 
600 0.051356099999992466 2882400 
800 0.10819920000000138 5123200 
1000 0.21109989999999357 8004000 
2000 1.4424691999999766 32008000 
5000 19.380808000000002 200020000 

Corrida 8 
2 0.007459899999986419 40 
4 9.769999999775791e-05 144 
10 5.250000000955879e-05 840 
15 5.8099999989735807e-05 1860 
20 6.19999999855736e-05 3280 
30 0.00010969999999588254 7320 
35 0.00019079999998439234 9940 
40 0.00020549999999275315 12960 
45 0.00021970000000237633 16380 
50 0.00025969999998665116 20200 
55 0.0002926999999885993 24420 
60 0.00032500000000368345 29040 
65 0.00037679999999795655 34060 
80 0.0005503999999803 51520 
100 0.0008330000000000837 80400 
150 0.002082500000000209 180600 
170 0.0026453999999773714 231880 
200 0.0039611999999920045 320800 
250 0.006836800000002086 501000 
400 0.020185199999986025 1281600 
500 0.033627899999999045 2002000 
600 0.06296709999998029 2882400 
800 0.13447550000000774 5123200 
1000 0.2506157999999914 8004000 
2000 1.5585141000000249 32008000 
5000 21.745196800000002 200020000 

Corrida 9 
2 0.008933999999982234 40 
4 0.00011579999997479717 144 
10 6.100000001652006e-05 840 
15 6.670000001918197e-05 1860 
20 7.099999999127249e-05 3280 
30 0.00012100000000714317 7320 
35 0.0001886000000013155 9940 
40 0.00018449999998892963 12960 
45 0.00029440000000136024 16380 
50 0.00037290000000211876 20200 
55 0.0003674000000160049 24420 
60 0.00039789999999584325 29040 
65 0.00045850000000768887 34060 
80 0.0006735999999989417 51520 
100 0.0010000000000047748 80400 
150 0.002407799999986082 180600 
170 0.022317300000025853 231880 
200 0.004845799999998235 320800 
250 0.009430300000019542 501000 
400 0.022990399999997635 1281600 
500 0.03885810000002721 2002000 
600 0.06401160000001482 2882400 
800 0.15624389999999266 5123200 
1000 0.272316399999994 8004000 
2000 1.6873509000000126 32008000 
5000 19.392065099999996 200020000 

FINAL 
