Corrida 0 
2 0.00014550000000213004 48 
4 9.950000000458203e-05 128 
10 7.449999999664669e-05 560 
15 6.299999999725969e-05 1140 
20 8.700000000771979e-05 1920 
30 9.16999999986956e-05 4080 
35 0.00011080000000163182 5460 
40 0.00010969999999588254 7040 
45 8.990000000608234e-05 8820 
50 7.159999999828415e-05 10800 
55 8.269999999299671e-05 12980 
60 8.300000000360797e-05 15360 
65 8.590000000197051e-05 17940 
80 9.980000000098244e-05 26880 
100 0.00012130000000354357 41600 
150 0.0003221999999993841 92400 
170 0.00032099999999957163 118320 
200 0.00042479999999045504 163200 
250 0.0007075999999983651 254000 
400 0.0017424000000119122 646400 
500 0.0027103999999980033 1008000 
600 0.004380100000005882 1449600 
800 0.007171199999987721 2572800 
1000 0.023056499999995594 4016000 
2000 0.10973459999999591 16032000 
5000 1.0944127000000066 100080000 

Corrida 1 
2 0.00014219999999909305 48 
4 5.7399999988660966e-05 128 
10 5.4900000009183714e-05 560 
15 5.52999999996473e-05 1140 
20 6.369999999833453e-05 1920 
30 7.050000000674572e-05 4080 
35 7.93000000101074e-05 5460 
40 8.12000000109947e-05 7040 
45 9.00999999942087e-05 8820 
50 0.00011280000001079316 10800 
55 9.790000000009513e-05 12980 
60 0.0001023000000088814 15360 
65 9.850000000710679e-05 17940 
80 0.0001204999999941947 26880 
100 0.00012410000000784294 41600 
150 0.00027550000000076125 92400 
170 0.00022990000000788768 118320 
200 0.00030010000000402215 163200 
250 0.00040630000000874134 254000 
400 0.0013057000000031849 646400 
500 0.0036960999999990918 1008000 
600 0.010627299999995898 1449600 
800 0.009103400000000761 2572800 
1000 0.012407999999993535 4016000 
2000 0.08040549999999769 16032000 
5000 1.256401799999992 100080000 

Corrida 2 
2 0.00013069999999970605 48 
4 5.149999999787269e-05 128 
10 4.8599999999510146e-05 560 
15 5.009999999572301e-05 1140 
20 5.7099999992260564e-05 1920 
30 6.170000000338405e-05 4080 
35 7.019999999613447e-05 5460 
40 7.300000000043383e-05 7040 
45 8.110000000272066e-05 8820 
50 7.369999998729782e-05 10800 
55 7.82999999984213e-05 12980 
60 8.309999999767115e-05 15360 
65 8.779999998864696e-05 17940 
80 0.000117600000010043 26880 
100 0.00013810000000091804 41600 
150 0.00031130000000700875 92400 
170 0.00028070000000468553 118320 
200 0.00030580000000668406 163200 
250 0.00045830000000535165 254000 
400 0.0015605000000107339 646400 
500 0.0023801999999903956 1008000 
600 0.0073797999999953845 1449600 
800 0.008704899999997906 2572800 
1000 0.013649700000001985 4016000 
2000 0.13401169999998785 16032000 
5000 1.0444850000000088 100080000 

Corrida 3 
2 0.00012930000001176722 48 
4 4.1899999999372994e-05 128 
10 5.550000000198452e-05 560 
15 4.579999999521078e-05 1140 
20 6.0300000001234366e-05 1920 
30 6.4899999998147e-05 4080 
35 5.7399999988660966e-05 5460 
40 5.9399999997822306e-05 7040 
45 6.909999999038519e-05 8820 
50 6.46000000017466e-05 10800 
55 6.799999999884676e-05 12980 
60 7.170000000655818e-05 15360 
65 8.459999999388401e-05 17940 
80 8.060000000398304e-05 26880 
100 0.00010199999999827014 41600 
150 0.0002915999999970609 92400 
170 0.00023499999998932708 118320 
200 0.00028559999999799857 163200 
250 0.0004121999999995296 254000 
400 0.0011901999999963664 646400 
500 0.0019939999999962765 1008000 
600 0.003096499999998059 1449600 
800 0.00571359999999288 2572800 
1000 0.011027099999992629 4016000 
2000 0.09599570000000313 16032000 
5000 0.9369518000000028 100080000 

Corrida 4 
2 0.00011660000001256776 48 
4 3.8600000010546864e-05 128 
10 3.679999998951189e-05 560 
15 3.7100000000123146e-05 1140 
20 4.3099999999185457e-05 1920 
30 4.800000000670934e-05 4080 
35 5.2900000000022374e-05 5460 
40 6.97000000116077e-05 7040 
45 7.949999999823376e-05 8820 
50 6.210000000805849e-05 10800 
55 6.770000000244636e-05 12980 
60 7.079999998893527e-05 15360 
65 8.449999999982083e-05 17940 
80 0.00020979999999326537 26880 
100 0.00016829999999856682 41600 
150 0.00034250000000213277 92400 
170 0.00024150000000133787 118320 
200 0.0007331000000050381 163200 
250 0.0006865000000004784 254000 
400 0.0014461000000096647 646400 
500 0.0025181000000031872 1008000 
600 0.004192599999996105 1449600 
800 0.006825400000010973 2572800 
1000 0.013886099999993462 4016000 
2000 0.09572819999999638 16032000 
5000 0.9830496999999951 100080000 

Corrida 5 
2 0.0001393000000007305 48 
4 5.989999999655993e-05 128 
10 5.509999999731008e-05 560 
15 5.52999999996473e-05 1140 
20 6.380000000660857e-05 1920 
30 7.359999999323463e-05 4080 
35 8.100000000865748e-05 5460 
40 8.169999999552147e-05 7040 
45 9.149999999635838e-05 8820 
50 8.569999999963329e-05 10800 
55 9.230000000570726e-05 12980 
60 9.579999999687061e-05 15360 
65 9.889999999757038e-05 17940 
80 0.00011589999999728207 26880 
100 0.0001448000000010552 41600 
150 0.0003057999999924732 92400 
170 0.0002781999999967866 118320 
200 0.0003613000000086686 163200 
250 0.0006041000000038821 254000 
400 0.002273000000002412 646400 
500 0.007386999999994259 1008000 
600 0.007086799999996174 1449600 
800 0.02106569999999408 2572800 
1000 0.03991410000000428 4016000 
2000 0.17479440000001034 16032000 
5000 0.9500448999999946 100080000 

Corrida 6 
2 0.0002652999999952499 48 
4 4.1300000020783045e-05 128 
10 3.699999999184911e-05 560 
15 3.720000000839718e-05 1140 
20 4.2599999972026126e-05 1920 
30 4.7499999993760866e-05 4080 
35 5.36999999951604e-05 5460 
40 5.470000002105735e-05 7040 
45 6.25999999783744e-05 8820 
50 5.9300000003759124e-05 10800 
55 6.300000001147055e-05 12980 
60 6.51999999945474e-05 15360 
65 7.019999998192361e-05 17940 
80 8.090000000038344e-05 26880 
100 0.00010179999998172207 41600 
150 0.00029130000001487133 92400 
170 0.00022609999999190222 118320 
200 0.0002525000000161981 163200 
250 0.00036449999998922067 254000 
400 0.0012624000000016622 646400 
500 0.001993499999997539 1008000 
600 0.00323099999999954 1449600 
800 0.0059045999999796095 2572800 
1000 0.010460599999987608 4016000 
2000 0.07617070000000581 16032000 
5000 0.7830039000000113 100080000 

Corrida 7 
2 0.0001942999999755557 48 
4 9.27000000103817e-05 128 
10 9.079999998107269e-05 560 
15 8.700000000771979e-05 1140 
20 0.00010000000000331966 1920 
30 0.0001572000000180651 4080 
35 0.00015319999999974243 5460 
40 0.00016130000000202926 7040 
45 0.00022780000000466316 8820 
50 0.00038190000000781765 10800 
55 0.0002733999999975367 12980 
60 0.00014160000000629225 15360 
65 0.00013720000001171684 17940 
80 0.0001590999999905307 26880 
100 0.00019729999999640313 41600 
150 0.0003750999999851956 92400 
170 0.00036399999999048305 118320 
200 0.0005026000000043496 163200 
250 0.0007187000000214994 254000 
400 0.0014213999999981297 646400 
500 0.002976499999988391 1008000 
600 0.004458199999987755 1449600 
800 0.012115499999993062 2572800 
1000 0.0323139999999853 4016000 
2000 0.12711390000001188 16032000 
5000 0.8656762999999899 100080000 

Corrida 8 
2 0.00013079999999376923 48 
4 8.55999999771484e-05 128 
10 8.489999999028441e-05 560 
15 8.420000000342043e-05 1140 
20 0.00022979999999961365 1920 
30 0.00017180000000394102 4080 
35 0.00018950000000472755 5460 
40 8.750000000645741e-05 7040 
45 7.719999999267202e-05 8820 
50 6.999999999379725e-05 10800 
55 7.439999998837266e-05 12980 
60 7.709999999860884e-05 15360 
65 8.249999999065949e-05 17940 
80 9.819999999649554e-05 26880 
100 0.00012159999999994398 41600 
150 0.00032039999999255997 92400 
170 0.00025779999998576386 118320 
200 0.0003183000000035463 163200 
250 0.0005131000000062613 254000 
400 0.0013083999999992102 646400 
500 0.0019307000000026164 1008000 
600 0.0029882000000043263 1449600 
800 0.007140800000001946 2572800 
1000 0.013000699999992094 4016000 
2000 0.0961321000000055 16032000 
5000 0.8254761999999971 100080000 

Corrida 9 
2 0.00012039999998592066 48 
4 3.789999999526117e-05 128 
10 3.6800000003722744e-05 560 
15 3.720000000839718e-05 1140 
20 4.320000002167035e-05 1920 
30 4.760000001624576e-05 4080 
35 5.3199999996422775e-05 5460 
40 0.0001477000000136286 7040 
45 0.00011310000002140441 8820 
50 0.00010249999999700776 10800 
55 9.250000002225534e-05 12980 
60 9.660000000621949e-05 15360 
65 0.00010130000001140615 17940 
80 0.00012240000000929285 26880 
100 0.0001509000000226024 41600 
150 0.00037420000001020526 92400 
170 0.0003216000000065833 118320 
200 0.00039200000000505497 163200 
250 0.0005110000000172477 254000 
400 0.0029347999999913554 646400 
500 0.0024517000000230382 1008000 
600 0.004024399999991601 1449600 
800 0.006969599999990805 2572800 
1000 0.02286679999997432 4016000 
2000 0.07464210000000548 16032000 
5000 0.7790006000000176 100080000 

FINAL 
