Corrida 0 
2 0.024193100000000634 80 
4 0.0004052000000003275 288 
10 0.00014770000000030592 1680 
15 0.00018450000000047595 3720 
20 0.0001614999999999256 6560 
30 0.0002047999999996719 14640 
35 0.00022739999999998872 19880 
40 0.00026079999999950587 25920 
45 0.00024429999999942 32760 
50 0.0011830000000001561 40400 
55 0.0005056999999997203 48840 
60 0.0005059999999996734 58080 
65 0.0006655999999995998 68120 
80 0.0010347999999993363 103040 
100 0.002198500000000436 160800 
150 0.0030745999999997053 361200 
170 0.0034402999999993966 463760 
200 0.004459400000000002 641600 
250 0.0066688999999993115 1002000 
400 0.01682520000000043 2563200 
500 0.02510779999999979 4004000 
600 0.04761539999999975 5764800 
800 0.08887480000000014 10246400 
1000 0.13445010000000046 16008000 
2000 1.2671013000000002 64016000 
5000 19.6952796 400040000 

Corrida 1 
2 0.023533600000000376 80 
4 0.00016910000000081027 288 
10 0.0001239999999995689 1680 
15 0.0001505000000001644 3720 
20 0.00016310000000174796 6560 
30 0.00019589999999780616 14640 
35 0.00022399999999933584 19880 
40 0.00024499999999960664 25920 
45 0.00030079999999799156 32760 
50 0.00041149999999845477 40400 
55 0.00051300000000154 48840 
60 0.0005767999999974904 58080 
65 0.0006079999999997199 68120 
80 0.0008705000000013285 103040 
100 0.0014181000000021982 160800 
150 0.002900699999997869 361200 
170 0.0035093000000010477 463760 
200 0.004960400000001641 641600 
250 0.007421000000000788 1002000 
400 0.01911100000000232 2563200 
500 0.031108299999999645 4004000 
600 0.05337240000000065 5764800 
800 0.09946109999999919 10246400 
1000 0.1552989999999994 16008000 
2000 1.173279400000002 64016000 
5000 18.874530099999998 400040000 

Corrida 2 
2 0.022236700000000553 80 
4 0.00019180000000318387 288 
10 0.00012079999999770052 1680 
15 0.00013630000000119935 3720 
20 0.00019350000000173395 6560 
30 0.00022049999999751435 14640 
35 0.00024889999999544443 19880 
40 0.0002768000000017423 25920 
45 0.00032339999999919655 32760 
50 0.0004423000000031152 40400 
55 0.0005021999999996751 48840 
60 0.0005598999999989474 58080 
65 0.0006571999999991363 68120 
80 0.0008472999999966646 103040 
100 0.0014202000000054227 160800 
150 0.003166100000001393 361200 
170 0.003631899999994914 463760 
200 0.004755799999998089 641600 
250 0.007165900000003944 1002000 
400 0.01852419999999455 2563200 
500 0.024611400000004835 4004000 
600 0.055611200000001304 5764800 
800 0.10753319999999889 10246400 
1000 0.1824173999999985 16008000 
2000 1.2857904999999974 64016000 
5000 23.503749599999992 400040000 

Corrida 3 
2 0.026974600000002624 80 
4 0.00027710000000524815 288 
10 0.00017019999999945412 1680 
15 0.00015550000000530417 3720 
20 0.00018020000000262826 6560 
30 0.00028810000000589753 14640 
35 0.0002862999999990734 19880 
40 0.0002822000000008984 25920 
45 0.00038250000000061846 32760 
50 0.0004599999999896909 40400 
55 0.0004964999999970132 48840 
60 0.0005295999999930245 58080 
65 0.0005951999999922464 68120 
80 0.0008344999999962965 103040 
100 0.001279600000003711 160800 
150 0.002731699999998227 361200 
170 0.0035852000000033968 463760 
200 0.0050108000000079755 641600 
250 0.007392899999999258 1002000 
400 0.021280300000000807 2563200 
500 0.03472619999999438 4004000 
600 0.05906720000000121 5764800 
800 0.12428979999999967 10246400 
1000 0.21860090000001264 16008000 
2000 1.4825789000000071 64016000 
5000 18.3819204 400040000 

Corrida 4 
2 0.017108999999990715 80 
4 0.00019820000001402605 288 
10 8.959999999547108e-05 1680 
15 0.00013539999999068186 3720 
20 0.00014749999999708052 6560 
30 0.0003163000000085958 14640 
35 0.00014500000000339242 19880 
40 0.0001614000000103033 25920 
45 0.00021889999999302745 32760 
50 0.00031829999998933545 40400 
55 0.0003377999999969461 48840 
60 0.00037840000000244345 58080 
65 0.00043019999999671654 68120 
80 0.0006343000000015309 103040 
100 0.0010786999999936597 160800 
150 0.0020336000000042986 361200 
170 0.0024978000000004386 463760 
200 0.003379800000004707 641600 
250 0.005175600000001168 1002000 
400 0.01472400000000107 2563200 
500 0.02065349999999455 4004000 
600 0.039168899999992846 5764800 
800 0.0883529999999979 10246400 
1000 0.14869629999999745 16008000 
2000 1.3504872000000034 64016000 
5000 19.2613872 400040000 

Corrida 5 
2 0.02538549999999873 80 
4 0.00019000000000346517 288 
10 0.00012670000000980508 1680 
15 0.00014459999999871798 3720 
20 0.00016279999999824213 6560 
30 0.00022950000000321324 14640 
35 0.00026560000000586115 19880 
40 0.0002980000000007976 25920 
45 0.00035439999999198335 32760 
50 0.00048680000000445034 40400 
55 0.0005227999999988242 48840 
60 0.0005826999999953841 58080 
65 0.0006636999999898308 68120 
80 0.0008815000000055306 103040 
100 0.00135840000000087 160800 
150 0.002867899999998258 361200 
170 0.003916699999990669 463760 
200 0.0050422999999995 641600 
250 0.007372799999998847 1002000 
400 0.01943099999999731 2563200 
500 0.030184399999996003 4004000 
600 0.056913399999999115 5764800 
800 0.11986249999999643 10246400 
1000 0.1913936999999919 16008000 
2000 1.234182599999997 64016000 
5000 19.006981400000015 400040000 

Corrida 6 
2 0.017365200000000414 80 
4 0.00013880000000199288 288 
10 7.600000000707041e-05 1680 
15 8.710000000178297e-05 3720 
20 9.640000001809312e-05 6560 
30 0.00017539999998916755 14640 
35 0.00019470000000865184 19880 
40 0.00021559999998999047 25920 
45 0.00025139999999623797 32760 
50 0.0004193000000043412 40400 
55 0.00046430000000441396 48840 
60 0.0005231000000094355 58080 
65 0.0005918999999892094 68120 
80 0.0008586999999806721 103040 
100 0.0011809999999741194 160800 
150 0.002180400000014515 361200 
170 0.0028068000000018856 463760 
200 0.0038350000000093587 641600 
250 0.005712299999999004 1002000 
400 0.01489720000000716 2563200 
500 0.022360999999989417 4004000 
600 0.04056349999999043 5764800 
800 0.07853249999999434 10246400 
1000 0.14083510000000388 16008000 
2000 1.2571625999999867 64016000 
5000 19.390428299999996 400040000 

Corrida 7 
2 0.016571099999993066 80 
4 0.00013409999999680622 288 
10 6.740000000604596e-05 1680 
15 0.0001292000000034932 3720 
20 0.00013899999999011925 6560 
30 0.0001283999999941443 14640 
35 0.00014559999999619322 19880 
40 0.00016089999999735483 25920 
45 0.00018880000001786357 32760 
50 0.00042020000000775326 40400 
55 0.0003994999999861193 48840 
60 0.00043049999999311694 58080 
65 0.0004977000000110365 68120 
80 0.0007472000000063872 103040 
100 0.001017300000000887 160800 
150 0.0020588999999802127 361200 
170 0.0024919999999895026 463760 
200 0.003383999999982734 641600 
250 0.005099999999998772 1002000 
400 0.013648899999992636 2563200 
500 0.021262500000005957 4004000 
600 0.03980609999999274 5764800 
800 0.07852760000000103 10246400 
1000 0.15030160000000592 16008000 
2000 1.164875799999976 64016000 
5000 18.26700409999998 400040000 

Corrida 8 
2 0.017978900000002795 80 
4 0.00016150000001857734 288 
10 6.0700000005908805e-05 1680 
15 7.079999997472441e-05 3720 
20 7.720000002109373e-05 6560 
30 0.00011270000001672997 14640 
35 0.0001330000000052678 19880 
40 0.00014719999998646927 25920 
45 0.00021399999999971442 32760 
50 0.0003126999999949476 40400 
55 0.0003809000000103424 48840 
60 0.00037599999998860767 58080 
65 0.0004983999999979005 68120 
80 0.0005888000000027205 103040 
100 0.0009370999999873675 160800 
150 0.0017861999999979616 361200 
170 0.0025354999999933625 463760 
200 0.0031759000000022297 641600 
250 0.005438599999990856 1002000 
400 0.013388299999974151 2563200 
500 0.02013109999998619 4004000 
600 0.03586930000000166 5764800 
800 0.07185039999998821 10246400 
1000 0.130007599999999 16008000 
2000 1.155307999999991 64016000 
5000 19.400733099999997 400040000 

Corrida 9 
2 0.026064099999985046 80 
4 0.00029640000002473244 288 
10 0.00016909999999370484 1680 
15 0.00016060000001516528 3720 
20 0.00017479999999636675 6560 
30 0.00024200000001428634 14640 
35 0.00028020000002015877 19880 
40 0.00043820000001915105 25920 
45 0.0003771000000085678 32760 
50 0.00047530000000506334 40400 
55 0.0005662000000086209 48840 
60 0.0006987000000151511 58080 
65 0.0007179000000121505 68120 
80 0.0008373000000005959 103040 
100 0.0012675000000115233 160800 
150 0.002635499999996682 361200 
170 0.0034838999999919906 463760 
200 0.004663499999992382 641600 
250 0.007084500000019034 1002000 
400 0.01997339999999781 2563200 
500 0.030460699999991903 4004000 
600 0.05004920000001789 5764800 
800 0.10503170000001205 10246400 
1000 0.20355710000001181 16008000 
2000 1.3082776999999908 64016000 
5000 18.320649499999973 400040000 

FINAL 
