Corrida 0 
2 0.021136999999999517 80 
4 0.0002998999999999086 288 
10 0.00015570000000053597 1680 
15 0.00015609999999988133 3720 
20 0.0001542000000007704 6560 
30 0.0002059000000009803 14640 
35 0.0012153999999995335 19880 
40 0.0004695000000012328 25920 
45 0.0008488999999993752 32760 
50 0.0011178999999987838 40400 
55 0.0010230999999993884 48840 
60 0.0010808999999998292 58080 
65 0.0012644000000001654 68120 
80 0.0015937000000008084 103040 
100 0.0028322999999996767 160800 
150 0.004734300000000857 361200 
170 0.00601189999999896 463760 
200 0.008079499999999129 641600 
250 0.013172600000000756 1002000 
400 0.03637170000000012 2563200 
500 0.05649559999999987 4004000 
600 0.09130649999999996 5764800 
800 0.13130379999999953 10246400 
1000 0.28258909999999915 16008000 
2000 2.355974 64016000 
5000 40.5463955 400040000 

Corrida 1 
2 0.020052899999996043 80 
4 0.0001372999999986746 288 
10 7.349999999917145e-05 1680 
15 8.909999999673346e-05 3720 
20 0.00010300000000285081 6560 
30 0.00015009999999904267 14640 
35 0.00024489999999843803 19880 
40 0.0002577999999999747 25920 
45 0.0003147999999981721 32760 
50 0.00045040000000540203 40400 
55 0.0005008999999986941 48840 
60 0.000564099999998291 58080 
65 0.0006496000000026925 68120 
80 0.0009133000000005609 103040 
100 0.001461100000000215 160800 
150 0.0030700000000010164 361200 
170 0.003890200000000732 463760 
200 0.005466399999995986 641600 
250 0.008084400000001324 1002000 
400 0.020547799999995675 2563200 
500 0.03540509999999841 4004000 
600 0.05579599999999374 5764800 
800 0.12196910000000116 10246400 
1000 0.2700154999999995 16008000 
2000 2.151775899999997 64016000 
5000 41.063040300000004 400040000 

Corrida 2 
2 0.021887599999999452 80 
4 0.00013210000000185573 288 
10 7.530000000599557e-05 1680 
15 9.020000000248274e-05 3720 
20 9.830000000476957e-05 6560 
30 0.00015259999999273077 14640 
35 0.0002518000000009124 19880 
40 0.0002553000000062866 25920 
45 0.000312300000004484 32760 
50 0.000438000000002603 40400 
55 0.000504499999991026 48840 
60 0.0005972999999954709 58080 
65 0.0006801999999908048 68120 
80 0.0010636000000090462 103040 
100 0.0015862999999995964 160800 
150 0.003419199999996181 361200 
170 0.004187600000008729 463760 
200 0.005711099999999192 641600 
250 0.008935700000009206 1002000 
400 0.024159799999992515 2563200 
500 0.04948890000000006 4004000 
600 0.05905590000000416 5764800 
800 0.12339029999999696 10246400 
1000 0.23356859999999813 16008000 
2000 2.2044482999999957 64016000 
5000 39.989461399999996 400040000 

Corrida 3 
2 0.020359200000001465 80 
4 0.0001431000000025051 288 
10 7.410000000618311e-05 1680 
15 8.800000000519503e-05 3720 
20 9.610000000748187e-05 6560 
30 0.00014709999999240608 14640 
35 0.00023600000000101318 19880 
40 0.0002575000000035743 25920 
45 0.00041060000000925356 32760 
50 0.00045919999999455285 40400 
55 0.0005025000000102864 48840 
60 0.0005610999999987598 58080 
65 0.0006482000000005428 68120 
80 0.0009150999999860687 103040 
100 0.0014491999999961536 160800 
150 0.0030830000000037217 361200 
170 0.004128400000013244 463760 
200 0.005282600000015236 641600 
250 0.007961000000022977 1002000 
400 0.020775900000018055 2563200 
500 0.035963299999991705 4004000 
600 0.0658337000000131 5764800 
800 0.1294905999999969 10246400 
1000 0.23062369999999532 16008000 
2000 2.229950200000019 64016000 
5000 40.88541519999998 400040000 

Corrida 4 
2 0.020235400000018444 80 
4 0.0001405999999803953 288 
10 7.22000000052958e-05 1680 
15 8.719999999584616e-05 3720 
20 9.670000000028267e-05 6560 
30 0.00014749999999708052 14640 
35 0.0002448999999842272 19880 
40 0.0002588000000116608 25920 
45 0.00031410000002551897 32760 
50 0.0004474000000129763 40400 
55 0.0005090999999879386 48840 
60 0.0005776000000139447 58080 
65 0.0006605000000092787 68120 
80 0.000943299999988767 103040 
100 0.0015060000000062246 160800 
150 0.0032143999999902917 361200 
170 0.004125399999992396 463760 
200 0.0055868000000032225 641600 
250 0.00818290000000843 1002000 
400 0.02200559999999996 2563200 
500 0.03588920000001394 4004000 
600 0.055550199999998995 5764800 
800 0.11388569999999731 10246400 
1000 0.23482529999998292 16008000 
2000 2.271351199999998 64016000 
5000 39.972695500000015 400040000 

Corrida 5 
2 0.020378899999997202 80 
4 0.00014540000000806685 288 
10 0.00010220000001481822 1680 
15 0.00012089999998465828 3720 
20 0.00010679999999751999 6560 
30 0.00014880000000516702 14640 
35 0.0002378000000078373 19880 
40 0.0002695999999957621 25920 
45 0.00033400000000938235 32760 
50 0.00044959999999605316 40400 
55 0.0005045999999993 48840 
60 0.0005645999999899232 58080 
65 0.0006501999999954933 68120 
80 0.0009167000000047665 103040 
100 0.0014466000000084023 160800 
150 0.0030670999999813375 361200 
170 0.004188400000003867 463760 
200 0.005273799999997664 641600 
250 0.00802129999999579 1002000 
400 0.020560899999992444 2563200 
500 0.0350279000000171 4004000 
600 0.05569239999999809 5764800 
800 0.13953699999999003 10246400 
1000 0.2401549000000216 16008000 
2000 2.1327260000000194 64016000 
5000 41.20473420000002 400040000 

Corrida 6 
2 0.023994799999968563 80 
4 0.0001578999999765074 288 
10 9.049999999888314e-05 1680 
15 0.0001073999999903208 3720 
20 0.00011910000000625587 6560 
30 0.00018679999999449137 14640 
35 0.0002916000000254826 19880 
40 0.00031790000002729357 25920 
45 0.00040350000000444197 32760 
50 0.0005325000000198088 40400 
55 0.000614499999983309 48840 
60 0.0006886999999551335 58080 
65 0.0007903999999712141 68120 
80 0.0011277000000404769 103040 
100 0.0017733999999904881 160800 
150 0.003754399999991165 361200 
170 0.00473090000002685 463760 
200 0.006301599999972041 641600 
250 0.008626200000037443 1002000 
400 0.02445380000000341 2563200 
500 0.037372800000014195 4004000 
600 0.06513560000001917 5764800 
800 0.12279960000000756 10246400 
1000 0.2576966999999968 16008000 
2000 2.2715120000000297 64016000 
5000 40.1813808 400040000 

Corrida 7 
2 0.0242167999999765 80 
4 0.00015809999996463375 288 
10 9.109999996326223e-05 1680 
15 0.00010809999997718478 3720 
20 0.00011799999998629573 6560 
30 0.00018870000002380038 14640 
35 0.00039649999996527185 19880 
40 0.0003464999999778229 25920 
45 0.0004045000000019172 32760 
50 0.0005351000000359818 40400 
55 0.0006131999999752225 48840 
60 0.0007011999999804175 58080 
65 0.000789100000019971 68120 
80 0.0011235000000056061 103040 
100 0.001728899999989153 160800 
150 0.0035067000000026383 361200 
170 0.003842599999984486 463760 
200 0.005251299999997627 641600 
250 0.009615499999995336 1002000 
400 0.021679800000015348 2563200 
500 0.038848700000016834 4004000 
600 0.06621330000001535 5764800 
800 0.14068389999999908 10246400 
1000 0.23062740000000304 16008000 
2000 2.192770200000041 64016000 
5000 40.48769569999996 400040000 

Corrida 8 
2 0.020603900000025988 80 
4 0.00013540000003331443 288 
10 7.61000000011336e-05 1680 
15 8.68999999852349e-05 3720 
20 9.47000000337539e-05 6560 
30 0.00014720000001489097 14640 
35 0.00023879999997689083 19880 
40 0.0002595000000269465 25920 
45 0.00031360000002678134 32760 
50 0.0004533000000037646 40400 
55 0.0005064999999717656 48840 
60 0.0005722999999875356 58080 
65 0.0006553000000053544 68120 
80 0.0009418000000209759 103040 
100 0.0015091999999867767 160800 
150 0.0032555000000229484 361200 
170 0.004186300000014853 463760 
200 0.0057419999999979154 641600 
250 0.008539600000005976 1002000 
400 0.023793499999953838 2563200 
500 0.03638560000001689 4004000 
600 0.0624672000000146 5764800 
800 0.13793549999996912 10246400 
1000 0.269481399999961 16008000 
2000 2.2326135000000136 64016000 
5000 39.408941500000026 400040000 

Corrida 9 
2 0.02013699999997698 80 
4 0.00013830000000325526 288 
10 7.229999999935899e-05 1680 
15 8.68999999852349e-05 3720 
20 9.529999999813299e-05 6560 
30 0.00014620000001741573 14640 
35 0.00023049999998647763 19880 
40 0.000252999999986514 25920 
45 0.0003106999999999971 32760 
50 0.0005664999999908105 40400 
55 0.0005881000000158565 48840 
60 0.0006549999999947431 58080 
65 0.0008050000000139335 68120 
80 0.0011056999999823347 103040 
100 0.001771599999983664 160800 
150 0.003645500000004631 361200 
170 0.004742000000021562 463760 
200 0.006437399999981608 641600 
250 0.009319199999993089 1002000 
400 0.020575300000018615 2563200 
500 0.03550070000000005 4004000 
600 0.06086120000003348 5764800 
800 0.11481309999999212 10246400 
1000 0.22630560000004607 16008000 
2000 2.2917809999999577 64016000 
5000 40.186840700000005 400040000 

FINAL 
