Corrida 0 
2 0.008149299999999915 80 
4 0.0009373999999997551 288 
10 7.940000000017378e-05 1680 
15 7.720000000022154e-05 3720 
20 6.78999999998986e-05 6560 
30 0.00011399999999994748 14640 
35 0.0016954000000000136 19880 
40 0.0002920999999997953 25920 
45 0.0006331999999997784 32760 
50 0.0010501999999998901 40400 
55 0.0009076999999999558 48840 
60 0.00045549999999972 58080 
65 0.00050669999999986 68120 
80 0.0010615000000000485 103040 
100 0.0017040000000001498 160800 
150 0.0030546999999998548 361200 
170 0.0031655999999999906 463760 
200 0.0042856000000002226 641600 
250 0.007638699999999776 1002000 
400 0.020767000000000202 2563200 
500 0.034318199999999965 4004000 
600 0.0402758999999997 5764800 
800 0.09462249999999983 10246400 
1000 0.32262140000000006 16008000 
2000 2.003713 64016000 
5000 32.9423389 400040000 

Corrida 1 
2 0.01329330000000084 80 
4 9.810000000243235e-05 288 
10 4.2100000001710214e-05 1680 
15 5.139999999670408e-05 3720 
20 5.000000000165983e-05 6560 
30 7.790000000085229e-05 14640 
35 0.00016660000000001673 19880 
40 0.00017700000000075988 25920 
45 0.00026610000000459877 32760 
50 0.0002881999999999607 40400 
55 0.0003188000000022839 48840 
60 0.0003626000000025442 58080 
65 0.000400999999996543 68120 
80 0.0005365000000026043 103040 
100 0.0008519000000006827 160800 
150 0.0017966999999998734 361200 
170 0.00257850000000559 463760 
200 0.004081199999994567 641600 
250 0.006620500000003915 1002000 
400 0.01900590000000335 2563200 
500 0.02437850000000452 4004000 
600 0.045589200000001995 5764800 
800 0.0834912999999986 10246400 
1000 0.21182449999999875 16008000 
2000 2.1858278000000055 64016000 
5000 32.4248846 400040000 

Corrida 2 
2 0.015862799999993626 80 
4 0.00011320000000125674 288 
10 4.8300000003109744e-05 1680 
15 5.640000000539658e-05 3720 
20 6.139999999277279e-05 6560 
30 9.889999999757038e-05 14640 
35 0.0001749000000046408 19880 
40 0.0002025999999943906 25920 
45 0.00026599999999632473 32760 
50 0.0003449000000017577 40400 
55 0.00038380000000870496 48840 
60 0.0004141000000004169 58080 
65 0.0004335999999938167 68120 
80 0.0006295999999963442 103040 
100 0.0009795999999937521 160800 
150 0.002145600000005743 361200 
170 0.002923000000009779 463760 
200 0.004294299999997975 641600 
250 0.005501000000009526 1002000 
400 0.013757300000008854 2563200 
500 0.02396440000001121 4004000 
600 0.05132559999999842 5764800 
800 0.08944130000000428 10246400 
1000 0.17720770000001096 16008000 
2000 2.3555187999999987 64016000 
5000 32.23851789999999 400040000 

Corrida 3 
2 0.013672400000004359 80 
4 9.629999999560823e-05 288 
10 4.2199999995773396e-05 1680 
15 4.7600000002034903e-05 3720 
20 5.72000000005346e-05 6560 
30 7.860000000903256e-05 14640 
35 0.0001335999999980686 19880 
40 0.0001418999999884818 25920 
45 0.0002121999999928903 32760 
50 0.00033510000000092077 40400 
55 0.00039350000000126784 48840 
60 0.0003251999999918098 58080 
65 0.0003628999999989446 68120 
80 0.0005290000000002237 103040 
100 0.000884200000001556 160800 
150 0.001900699999993094 361200 
170 0.002437299999996867 463760 
200 0.0033581999999938716 641600 
250 0.005883099999991259 1002000 
400 0.016786699999997268 2563200 
500 0.03127320000000111 4004000 
600 0.05081290000001104 5764800 
800 0.10764640000000725 10246400 
1000 0.22515419999999153 16008000 
2000 2.089427399999991 64016000 
5000 32.013790099999994 400040000 

Corrida 4 
2 0.014593999999988228 80 
4 0.00011399999999639476 288 
10 4.0399999988949276e-05 1680 
15 4.619999998567437e-05 3720 
20 5.3199999996422775e-05 6560 
30 7.93000000101074e-05 14640 
35 0.00016859999999496722 19880 
40 0.0001814999999965039 25920 
45 0.0002223999999841908 32760 
50 0.00029440000000136024 40400 
55 0.00031350000000429645 48840 
60 0.0003738000000055308 58080 
65 0.0004155000000025666 68120 
80 0.0005878999999993084 103040 
100 0.0009373000000039156 160800 
150 0.0019554000000141514 361200 
170 0.0025111000000208605 463760 
200 0.003631399999989071 641600 
250 0.005900800000006257 1002000 
400 0.019374499999997852 2563200 
500 0.025759399999998323 4004000 
600 0.040983299999993505 5764800 
800 0.115474799999987 10246400 
1000 0.24992399999999293 16008000 
2000 2.1127912000000038 64016000 
5000 32.92551030000001 400040000 

Corrida 5 
2 0.014773700000006329 80 
4 9.750000000963155e-05 288 
10 4.7899999998435305e-05 1680 
15 5.640000000539658e-05 3720 
20 6.14000000211945e-05 6560 
30 0.00010090000000673172 14640 
35 0.00018380000000206564 19880 
40 0.00020670000000677646 25920 
45 0.0002357999999844651 32760 
50 0.0003379999999992833 40400 
55 0.0004182000000128028 48840 
60 0.00043039999999905376 58080 
65 0.0004846000000213735 68120 
80 0.0006544000000019423 103040 
100 0.001004099999988739 160800 
150 0.0022282000000188873 361200 
170 0.0029432000000042535 463760 
200 0.004271900000020423 641600 
250 0.006518800000009151 1002000 
400 0.01373039999998582 2563200 
500 0.026341000000002168 4004000 
600 0.047936000000021295 5764800 
800 0.07727879999998777 10246400 
1000 0.1994664000000057 16008000 
2000 1.9323380999999813 64016000 
5000 31.302534999999978 400040000 

Corrida 6 
2 0.014572999999984404 80 
4 9.00999999942087e-05 288 
10 3.939999999147403e-05 1680 
15 4.6999999995023245e-05 3720 
20 5.0600000008671486e-05 6560 
30 7.819999999014726e-05 14640 
35 0.00017239999999674183 19880 
40 0.000177700000023151 25920 
45 0.00020589999999742759 32760 
50 0.0002787000000239459 40400 
55 0.00034209999998324747 48840 
60 0.0004631999999844538 58080 
65 0.0004631999999844538 68120 
80 0.0006242999999983567 103040 
100 0.0010070999999811647 160800 
150 0.002414999999984957 361200 
170 0.0030509999999992488 463760 
200 0.003604400000000396 641600 
250 0.005984799999993129 1002000 
400 0.01607989999999404 2563200 
500 0.02742200000000139 4004000 
600 0.0541941000000179 5764800 
800 0.10128760000000625 10246400 
1000 0.21581760000000827 16008000 
2000 2.347153999999989 64016000 
5000 36.158212899999995 400040000 

Corrida 7 
2 0.015454699999992272 80 
4 0.00011020000002304187 288 
10 0.00013590000000363034 1680 
15 7.650000000580803e-05 3720 
20 8.379999999874599e-05 6560 
30 0.0001283999999941443 14640 
35 0.00018289999999865358 19880 
40 0.00021289999997975428 25920 
45 0.00034270000000447 32760 
50 0.0005025000000102864 40400 
55 0.00038129999998659514 48840 
60 0.0003898999999876196 58080 
65 0.0004485999999985779 68120 
80 0.0006539999999972679 103040 
100 0.0011143000000117809 160800 
150 0.0023860999999953947 361200 
170 0.002946599999972932 463760 
200 0.004326399999996511 641600 
250 0.006367499999981874 1002000 
400 0.016677600000008397 2563200 
500 0.02770960000000855 4004000 
600 0.04347110000000498 5764800 
800 0.1213410999999951 10246400 
1000 0.18728190000001632 16008000 
2000 2.107151700000003 64016000 
5000 32.30244929999998 400040000 

Corrida 8 
2 0.013473700000020017 80 
4 0.00010659999998097192 288 
10 4.0900000044530316e-05 1680 
15 4.6599999961927097e-05 3720 
20 4.939999996622646e-05 6560 
30 7.850000002918023e-05 14640 
35 0.00018039999997654377 19880 
40 0.00017709999997350678 25920 
45 0.00021190000001070075 32760 
50 0.0002837000000113221 40400 
55 0.0003189999999904103 48840 
60 0.0003859999999917818 58080 
65 0.000474400000030073 68120 
80 0.0005965000000287546 103040 
100 0.0009297999999944295 160800 
150 0.0019833000000062384 361200 
170 0.0024119000000268898 463760 
200 0.0032110000000216132 641600 
250 0.006803600000012011 1002000 
400 0.018600100000014663 2563200 
500 0.02411019999999553 4004000 
600 0.04238240000000815 5764800 
800 0.10741899999999305 10246400 
1000 0.21217909999995754 16008000 
2000 1.9825011000000359 64016000 
5000 31.217281299999968 400040000 

Corrida 9 
2 0.014396999999974014 80 
4 0.00010049999997363557 288 
10 3.739999999652355e-05 1680 
15 4.539999997632549e-05 3720 
20 5.170000002863162e-05 6560 
30 7.769999996298793e-05 14640 
35 0.00016189999996640836 19880 
40 0.00017110000004549875 25920 
45 0.0002501000000165732 32760 
50 0.0002920000000017353 40400 
55 0.00032510000005459005 48840 
60 0.0004046999999900436 58080 
65 0.0005175000000008367 68120 
80 0.0007797000000095977 103040 
100 0.0009506000000101267 160800 
150 0.002056100000004335 361200 
170 0.0027054999999904794 463760 
200 0.003933700000004592 641600 
250 0.0052312000000256376 1002000 
400 0.01435100000003331 2563200 
500 0.025500099999987924 4004000 
600 0.03780170000004546 5764800 
800 0.09030040000004647 10246400 
1000 0.18082259999999906 16008000 
2000 1.9740322000000106 64016000 
5000 30.110523 400040000 

FINAL 
