Corrida 0 
2 0.00015359999997599516 64 
4 8.440000010523363e-05 256 
10 6.789999997636187e-05 1600 
15 0.00011140000015075202 3600 
20 0.0013830000002599263 6400 
30 0.0007657000001017877 14400 
35 0.00036150000005363836 19600 
40 0.0005163000000720785 25600 
45 0.0004913000002488843 32400 
50 0.0004954999999426946 40000 
55 0.0005279000001792156 48400 
60 0.0005204999997658888 57600 
65 0.0006616000000576605 67600 
80 0.0006994000000304368 102400 
100 0.0007576000002700312 160000 
150 0.001311600000008184 360000 
170 0.001047500000368018 462400 
200 0.0011766000002353394 640000 
250 0.0017901000001074863 1000000 
400 0.004923499999677006 2560000 
500 0.008649699999750737 4000000 
600 0.011936599999899045 5760000 
800 0.02974560000029669 10240000 
1000 0.054450399999950605 16000000 
2000 0.31653989999995247 64000000 
5000 4.147920400000203 400000000 
10000 50.11238239999966 1600000000 

Corrida 1 
2 0.1367420999999922 64 
4 0.00044879999995828257 256 
10 0.0001121999998758838 1600 
15 8.690000004207832e-05 3600 
20 0.00011690000019370927 6400 
30 0.0004426999998941028 14400 
35 0.0006375999996635073 19600 
40 0.0003854999999930442 25600 
45 0.0003872000002047571 32400 
50 0.0004652000002351997 40000 
55 0.00046300000030896626 48400 
60 0.001102799999898707 57600 
65 0.0003666000002340297 67600 
80 0.000388800000109768 102400 
100 0.0004493999999795051 160000 
150 0.0007277999998223095 360000 
170 0.0008963999998741201 462400 
200 0.0010035999998763145 640000 
250 0.0016480999997838808 1000000 
400 0.004090499999620079 2560000 
500 0.010184300000219082 4000000 
600 0.017560900000262336 5760000 
800 0.03517610000017157 10240000 
1000 0.06260530000008657 16000000 
2000 0.3935511000004226 64000000 
5000 6.809033399999862 400000000 
10000 50.32310359999974 1600000000 

Corrida 2 
2 0.129981399999906 64 
4 0.00020990000029996736 256 
10 0.0002808999997796491 1600 
15 0.00018210000007456983 3600 
20 0.0003808999999819207 6400 
30 0.00044089999983043526 14400 
35 0.0005866000001333305 19600 
40 0.0007196999999905529 25600 
45 0.000659900000300695 32400 
50 0.0006512999998449231 40000 
55 0.0006989999997131235 48400 
60 0.0007046000000627828 57600 
65 0.001150800000232266 67600 
80 0.0006177999998726591 102400 
100 0.0007098999999470834 160000 
150 0.0009015000000545115 360000 
170 0.0008751999998821702 462400 
200 0.001346300000022893 640000 
250 0.0029113000000506872 1000000 
400 0.0056760999996186 2560000 
500 0.009475100000145176 4000000 
600 0.01166960000000472 5760000 
800 0.0337453999995887 10240000 
1000 0.0651159999997617 16000000 
2000 0.4336777000003167 64000000 
5000 6.826452499999959 400000000 
10000 38.125105800000256 1600000000 

Corrida 3 
2 0.07678309999982957 64 
4 0.0002027000000452972 256 
10 9.209999961967696e-05 1600 
15 0.00018210000007456983 3600 
20 0.00016360000017812126 6400 
30 0.00032830000009198557 14400 
35 0.00048609999976179097 19600 
40 0.0003104000002167595 25600 
45 0.0003119000002698158 32400 
50 0.00045689999979003915 40000 
55 0.0004283000002942572 48400 
60 0.0006011000000398781 57600 
65 0.0006281999999373511 67600 
80 0.0006410000000869331 102400 
100 0.0006963999999243242 160000 
150 0.0010067999996863364 360000 
170 0.0009838000000854663 462400 
200 0.0009692000003269641 640000 
250 0.0014243000000533357 1000000 
400 0.004041400000005524 2560000 
500 0.006675799999811716 4000000 
600 0.00859409999975469 5760000 
800 0.021484200000031706 10240000 
1000 0.04094189999977971 16000000 
2000 0.28389229999993404 64000000 
5000 3.56062269999984 400000000 
10000 25.80567790000032 1600000000 

Corrida 4 
2 0.07443659999989904 64 
4 0.0001554000000396627 256 
10 0.00013290000015331316 1600 
15 0.00011969999968641787 3600 
20 0.00013179999996282277 6400 
30 0.0001498000001447508 14400 
35 0.0002882000003410212 19600 
40 0.0003424999999879219 25600 
45 0.0003658000000541506 32400 
50 0.00038119999999253196 40000 
55 0.00041479999981675064 48400 
60 0.00043310000000928994 57600 
65 0.0006407999999282765 67600 
80 0.0006173000001581386 102400 
100 0.0007975999997142935 160000 
150 0.0009463999999752559 360000 
170 0.0011388000002625631 462400 
200 0.0011280999997325125 640000 
250 0.0014740000001438602 1000000 
400 0.003955300000143325 2560000 
500 0.0067285999998603074 4000000 
600 0.010791100000005827 5760000 
800 0.02005509999980859 10240000 
1000 0.03891229999999268 16000000 
2000 0.28555469999992056 64000000 
5000 3.168358499999613 400000000 
10000 25.699787300000025 1600000000 

Corrida 5 
2 0.09726529999988998 64 
4 0.00010340000017095008 256 
10 5.429999964690069e-05 1600 
15 4.740000031233649e-05 3600 
20 0.0006052999997336883 6400 
30 0.00026569999999992433 14400 
35 0.0003129000001536042 19600 
40 0.0005813000002490298 25600 
45 0.0005670999998983461 32400 
50 0.0007236000001284992 40000 
55 0.0007582000002912537 48400 
60 0.0007469000001947279 57600 
65 0.00048549999974056846 67600 
80 0.0004127000001972192 102400 
100 0.000672600000143575 160000 
150 0.0008549999997740088 360000 
170 0.001146699999935663 462400 
200 0.001160299999810377 640000 
250 0.0018919999997706327 1000000 
400 0.005893200000173238 2560000 
500 0.008334800000284304 4000000 
600 0.013233300000138115 5760000 
800 0.025044600000001083 10240000 
1000 0.04426480000029187 16000000 
2000 0.2677864000002046 64000000 
5000 3.5639138999999886 400000000 
10000 24.240397799999755 1600000000 

Corrida 6 
2 0.08798260000003211 64 
4 9.649999992689118e-05 256 
10 4.8999999762600055e-05 1600 
15 4.439999975147657e-05 3600 
20 8.759999991525547e-05 6400 
30 0.0001965000001291628 14400 
35 0.0002557000002525456 19600 
40 0.00031730000000607106 25600 
45 0.0003475999997135659 32400 
50 0.0003627000000960834 40000 
55 0.0003646999998636602 48400 
60 0.0003575000000637374 57600 
65 0.0005265999998300686 67600 
80 0.0005550999999286432 102400 
100 0.0006521999998767569 160000 
150 0.0008729999999559368 360000 
170 0.0010724000003392575 462400 
200 0.0011273000000073807 640000 
250 0.001499099999819009 1000000 
400 0.003649100000075123 2560000 
500 0.00595740000017031 4000000 
600 0.010049000000435626 5760000 
800 0.02079330000015034 10240000 
1000 0.03852229999984047 16000000 
2000 0.2883633000001282 64000000 
5000 3.3538690999998835 400000000 
10000 24.80893709999964 1600000000 

Corrida 7 
2 0.08276250000017171 64 
4 9.640000007493654e-05 256 
10 5.160000000614673e-05 1600 
15 0.0002532999997129082 3600 
20 9.409999984200113e-05 6400 
30 0.00012190000006739865 14400 
35 0.00022230000013223616 19600 
40 0.0001975000000129512 25600 
45 0.0002961000000141212 32400 
50 0.00020279999989725184 40000 
55 0.00023910000027171918 48400 
60 0.00021770000012111268 57600 
65 0.0003053999998883228 67600 
80 0.00040849999959391425 102400 
100 0.00044570000000021537 160000 
150 0.0009249999998246494 360000 
170 0.0009739000001900422 462400 
200 0.0010408000002826157 640000 
250 0.0016479999999319261 1000000 
400 0.003842099999928905 2560000 
500 0.007526900000357273 4000000 
600 0.010793699999794626 5760000 
800 0.01937179999958971 10240000 
1000 0.035819899999751215 16000000 
2000 0.27953160000015487 64000000 
5000 3.2176776000001155 400000000 
10000 23.983258600000227 1600000000 

Corrida 8 
2 0.08431819999987056 64 
4 0.00018809999983204762 256 
10 0.00014040000041859457 1600 
15 0.000137400000312482 3600 
20 0.0001532999999653839 6400 
30 0.00015910000001895241 14400 
35 0.00025200000027325586 19600 
40 0.00043139999979757704 25600 
45 0.00045030000001133885 32400 
50 0.00043869999990420183 40000 
55 0.0004969000001437962 48400 
60 0.0005123999999341322 57600 
65 0.0006206000002748624 67600 
80 0.0005560999998124316 102400 
100 0.0006922999996277213 160000 
150 0.000937199999953009 360000 
170 0.0010449000001244713 462400 
200 0.0012730999997074832 640000 
250 0.0015671999999540276 1000000 
400 0.003928900000119029 2560000 
500 0.007195899999715039 4000000 
600 0.010271499999817024 5760000 
800 0.026084699999955774 10240000 
1000 0.04125500000009197 16000000 
2000 0.2796051999998781 64000000 
5000 3.1015056999999615 400000000 
10000 26.087119899999834 1600000000 

Corrida 9 
2 0.08404659999996511 64 
4 0.00022289999969871133 256 
10 0.00014799999962633592 1600 
15 0.00015560000019831932 3600 
20 0.0001720000000204891 6400 
30 0.00020780000022568856 14400 
35 0.00031510000007983763 19600 
40 0.0003434999998717103 25600 
45 0.0004687999999077874 32400 
50 0.0004911000000902277 40000 
55 0.0005078999997749634 48400 
60 0.000530100000105449 57600 
65 0.0005761000002166838 67600 
80 0.0006358999999065418 102400 
100 0.0009383000001434993 160000 
150 0.0012894000001324457 360000 
170 0.0012929999998050334 462400 
200 0.0010151999999834516 640000 
250 0.0013580999998339394 1000000 
400 0.004021199999897362 2560000 
500 0.007248599999911676 4000000 
600 0.010863699999845267 5760000 
800 0.02176599999984319 10240000 
1000 0.04290769999988697 16000000 
2000 0.2912285999996129 64000000 
5000 3.3196860000002744 400000000 
10000 25.9719441000002 1600000000 

FINAL 
