2 0.14733660000001692 0.1848563999999442 
4 0.00018939999995382095 0.010757699999885517 
10 0.0006108000000040192 0.0010179000000789529 
15 0.0007757000000765402 0.0002660999998624902 
20 0.000246300000071642 0.0013210999998136685 
30 0.00013059999992037774 0.002611399999977948 
35 0.0010888000001614273 0.00160169999981008 
40 5.239999995865219e-05 0.0006052000001091073 
45 0.0005974000000605884 0.0011764999999286374 
50 4.069999999956053e-05 0.0012355999999726919 
55 6.520000010823424e-05 0.00037810000003446476 
60 3.689999994094251e-05 0.0015922000000045955 
65 6.009999992784287e-05 0.002464700000018638 
80 8.760000014262914e-05 0.0017018999999436346 
100 9.000000000014552e-05 0.0008728999998766085 
150 0.0011417999999139283 0.0012947000000167463 
170 0.0014885999999023625 0.0010420999999496416 
200 0.0015948000000207685 0.0009940999998434563 
250 0.0004900999999790656 0.0012460000000373839 
400 0.0016113000001496403 0.00974780000001374 
500 0.004977000000053522 0.008071100000051956 
600 0.0050229000000854285 0.007253999999875305 
800 0.008330300000125135 0.01563469999996414 
1000 0.012817000000040935 0.0464495999999599 
2000 0.06292759999996633 0.23642150000000584 
5000 0.5309225000000879 2.9776392999999644 
10000 1.7019980000000032 22.555208799999946 
15000 7.2982862000001205 66.25225649999993 
