2 0.03374999999959982 0.2133179000002201 
4 0.00013429999989966745 0.008792999999968742 
10 0.00010610000026645139 0.00014489999966826872 
15 0.0003418999999666994 9.899999986373587e-05 
20 0.00041019999980562716 0.000767200000154844 
30 4.399999988891068e-05 0.0005777000001216948 
35 3.930000002583256e-05 0.0012110999996366445 
40 8.190000016838894e-05 0.0004411999998410465 
45 4.2800000301213004e-05 0.0002703000000110478 
50 4.170000011072261e-05 0.000319999999646825 
55 0.00012240000023666653 0.00021939999987807823 
60 4.96999996357772e-05 0.00030550000019502477 
65 0.00011180000001331791 0.0013576999999713735 
80 0.0001733999997668434 0.0004455000002963061 
100 0.00043049999976574327 0.00035630000002129236 
150 0.00026280000020051375 0.0006300999998529733 
170 0.0007143999996515049 0.0006410999999388878 
200 0.0010332999995625869 0.0007626000001437205 
250 0.0008039999997890845 0.0012317000000621192 
400 0.0018211999999948603 0.003494700000373996 
500 0.0030676999999741383 0.005580699999882199 
600 0.0051251999998385145 0.009037300000272808 
800 0.009970699999939825 0.015816500000255473 
1000 0.014177600000039092 0.041039700000055745 
2000 0.07110609999972439 0.2602114999999685 
5000 0.4685287000002063 2.540320199999769 
10000 1.5528395000001183 17.418459399999847 
15000 5.1268841000000975 68.84829529999979 
