2 0.18121830000018235 0.1760148999997 
4 9.180000006381306e-05 0.006411800000023504 
10 0.00010969999993903912 0.00034159999995608814 
15 0.0003074999999626016 6.859999984953902e-05 
20 0.0026468999999451626 0.0008512000003975118 
30 3.3399999665562063e-05 0.0006655000001956068 
35 3.3799999982875306e-05 0.001511099999788712 
40 7.08000002305198e-05 0.00039779999997335835 
45 3.220000007786439e-05 0.0003537999996297003 
50 2.9599999834317714e-05 0.00027780000027632923 
55 9.090000003197929e-05 0.0001594999998815183 
60 3.3399999665562063e-05 0.00039259999994101236 
65 8.12000002952118e-05 0.0014253999997890787 
80 0.00013460000036502606 0.0003649000000223168 
100 0.0003845999999612104 0.0003517000000101689 
150 0.00022230000013223616 0.0005313999999998487 
170 0.0006229999999050051 0.0005659999997078557 
200 0.0008692000001246925 0.0006762999996681174 
250 0.0006757000001016422 0.0010194000001320092 
400 0.001595400000041991 0.0030355999997482286 
500 0.003150799999730225 0.01011449999987235 
600 0.004023099999812985 0.00880460000007588 
800 0.008474199999909615 0.026106000000254426 
1000 0.014114199999767152 0.039060000000063155 
2000 0.06047409999973752 0.21021840000003067 
5000 0.46171099999992293 2.4231205999999474 
10000 1.5093579999997928 16.75347920000013 
15000 5.1255716000000575 65.87629650000008 
