2 0.2193117000001621 0.19800450000002456 
4 0.00010619999989103235 0.000515899999982139 
10 0.00010070000007544877 9.960000011233205e-05 
15 0.0006071000000247295 0.0004417000000103144 
20 0.0004069999999956053 0.0007630000000062864 
30 7.780000009915966e-05 0.0006236999997781822 
35 5.660000010720978e-05 0.004036399999904461 
40 9.510000018053688e-05 0.00045899999986431794 
45 3.889999993589299e-05 0.0002365000000281725 
50 5.310000005920301e-05 0.00046790000010332733 
55 0.000128299999914816 0.00028709999992315716 
60 5.3700000080425525e-05 0.0002520999998978368 
65 0.00010789999987537158 0.0009787000001324486 
80 0.00016340000001946464 0.0004269999999451102 
100 0.00046589999988100317 0.00039199999991978984 
150 0.00025379999988217605 0.0006501000000298518 
170 0.0007226000000173372 0.0006468999999924563 
200 0.001048099999934493 0.0007897000000411936 
250 0.0007961000001159846 0.0011896999999407853 
400 0.0021062000000711123 0.004288500000029671 
500 0.0033424999999169813 0.008872500000052241 
600 0.004879400000163514 0.00900909999995747 
800 0.009300100000018574 0.017976899999894158 
1000 0.016788399999995818 0.04220220000001973 
2000 0.07275890000005347 0.25976809999997386 
5000 0.5458542000001216 2.886629800000037 
10000 1.7158458999999766 19.399363600000015 
15000 5.099378699999988 59.29928769999992 
