2 0.21162189999995462 0.2127828000000136 
4 6.819999998697313e-05 0.0008515999998053303 
10 3.829999991467048e-05 0.0004261999999926047 
15 4.3100000084450585e-05 5.529999998543644e-05 
20 0.000381000000061249 0.0005323999998836371 
30 5.9199999896009103e-05 0.0005071000000498316 
35 4.37000001056731e-05 0.0034496999999191758 
40 9.230000000570726e-05 0.00045269999986885523 
45 4.4399999978850246e-05 0.00047369999992952216 
50 4.059999992023222e-05 0.00027730000010706135 
55 5.700000019714935e-05 0.00039369999990412907 
60 4.850000004807953e-05 0.00020339999991847435 
65 5.5500000144093065e-05 0.0009194999997816922 
80 7.959999993545352e-05 0.00031349999994745303 
100 0.00014700000019729487 0.0003487999999833846 
150 0.00025219999997716513 0.0008007999999790627 
170 0.0007112000000688568 0.0006246999998893443 
200 0.0010351000000810018 0.0007094000000051892 
250 0.0007924999999886495 0.002750800000058007 
400 0.0021756000001005305 0.003563199999916833 
500 0.003163399999948524 0.005904300000111107 
600 0.005400799999961237 0.00815140000008796 
800 0.010102700000061304 0.017847900000106165 
1000 0.01570270000001983 0.044502999999849635 
2000 0.07389119999993454 0.2617135000000417 
5000 0.5584623999998257 3.237079900000026 
10000 1.5983202999998412 18.18866550000007 
15000 5.14310579999983 60.7207684 
