2 0.20639879999998811 0.20915060000015728 
4 0.00011719999974957318 0.000881400000253052 
10 0.0001395999997839681 9.839999984251335e-05 
15 0.01988419999997859 0.0007327999996959988 
20 0.00051050000001851 0.0009853999999904772 
30 4.399999988891068e-05 0.0007526999997935491 
35 0.00019609999981184956 0.0015109000000848027 
40 7.52999999349413e-05 0.0004341000003478257 
45 5.719999990105862e-05 0.0005575000000135333 
50 4.3900000036956044e-05 0.00047989999984565657 
55 0.00011780000022554304 0.0002679999997781124 
60 4.639999997380073e-05 0.0004429000000527594 
65 0.00010169999995923718 0.0014722000000801927 
80 0.0001571999996485829 0.000531300000147894 
100 0.0004519000003710971 0.0007441999996444792 
150 0.0002488000000084867 0.0012365000002318993 
170 0.0007089999999152496 0.004494000000249798 
200 0.0010669000002963003 0.0016385999997510226 
250 0.0007947000003696303 0.0026481999998395622 
400 0.0022462000001723936 0.004600900000241381 
500 0.0029896999999436957 0.00715859999991153 
600 0.005047600000125385 0.010152800000014395 
800 0.010290600000189443 0.020270800000162126 
1000 0.015595000000303116 0.04579109999986031 
2000 0.0780362000000423 0.27039990000002945 
5000 0.5690460000000712 2.9688422999997783 
10000 1.7128655999999864 19.17853980000018 
15000 5.026028300000235 64.88958899999989 
