2 0.15407820000018546 0.17088790000002518 
4 6.669999993391684e-05 0.0005957000000762491 
10 7.899999991423101e-05 7.260000006681366e-05 
15 0.006861599999865575 0.0005797000001166452 
20 0.0004522000001543347 0.0008611999999175168 
30 3.3799999982875306e-05 0.0006901000001562352 
35 3.360000005159236e-05 0.001281900000094538 
40 5.499999997482519e-05 0.0006031000000348286 
45 3.519999995660328e-05 0.0004916999998840765 
50 3.400000014153193e-05 0.0005332999999154708 
55 9.130000012191886e-05 0.0002342999998745654 
60 4.149999995206599e-05 0.00031050000006871414 
65 9.060000002136803e-05 0.0009635999999773048 
80 0.00012949999995726102 0.00033059999987017363 
100 0.00035929999990003125 0.0004822999999305466 
150 0.00027399999999033753 0.0005517000001873384 
170 0.0006244999999580614 0.0005622000001039851 
200 0.0008794000000307278 0.0006492999998499727 
250 0.0006401000000550994 0.00585640000008425 
400 0.0017688999998881627 0.0030853999999180814 
500 0.0027537999999367457 0.004833400000052279 
600 0.004738100000167833 0.008834900000010748 
800 0.008957100000088758 0.027154299999892828 
1000 0.014148399999839967 0.03746910000018033 
2000 0.06343620000006922 0.21785069999987172 
5000 0.4791051999998217 2.7875338999999713 
10000 1.6757343000001583 22.231903299999885 
15000 4.844936599999983 62.99105569999983 
