2 0.20440750000034313 0.19154269999989992 
4 0.00010960000008708448 8.449999995718827e-05 
10 8.590000015828991e-05 9.229999977833359e-05 
15 0.00021150000020497828 7.189999996626284e-05 
20 0.0002054000001407985 0.0001604999997653067 
30 7.21999999768741e-05 0.0001299000000472006 
35 2.769999991869554e-05 0.002366100000017468 
40 7.249999998748535e-05 0.00024140000004990725 
45 3.789999982473091e-05 0.0003793999999288644 
50 3.839999999399879e-05 0.0004735000002256129 
55 0.00010920000022451859 0.00019990000009784126 
60 6.149999990157085e-05 0.0002276000000165368 
65 0.00010239999983241432 0.0005019000000174856 
80 0.000158100000135164 0.0003703999996105267 
100 0.00041140000030281954 0.0003495999999358901 
150 0.0002528999998503423 0.0006548999999722582 
170 0.0007193999999799416 0.0006855999999970663 
200 0.0010629000003063993 0.0008846000000630738 
250 0.0008114000002024113 0.001262499999938882 
400 0.0019371000003047811 0.009023099999922124 
500 0.0033830000002126326 0.006203899999945861 
600 0.005519400000139285 0.00868289999971239 
800 0.00968700000021272 0.017721599999731552 
1000 0.015991000000212807 0.03706499999998414 
2000 0.0786855999999716 0.2774789000000055 
5000 0.573101499999666 2.75113440000041 
10000 1.6333864999996877 16.68794479999997 
15000 5.047838299999967 66.34693620000007 
