2 7.860000005166512e-05 0.0049996000000192 
4 2.790000007735216e-05 0.0005239999998138956 
10 1.8599999975776882e-05 3.200000014658144e-05 
15 1.4100000043981709e-05 2.4799999891911284e-05 
20 1.7799999795897747e-05 0.012776400000120702 
30 3.970000011577213e-05 0.003524699999843506 
35 2.8899999961140566e-05 0.006170500000052925 
40 5.650000002788147e-05 0.0004042000000481494 
45 4.820000003746827e-05 0.0007444000000305095 
50 6.880000000819564e-05 0.00029710000012528326 
55 5.740000005971524e-05 0.00024250000001302396 
60 4.949999993186793e-05 0.00020229999995535763 
65 6.970000004002941e-05 0.003207499999916763 
80 7.049999999253487e-05 0.0017456999999012623 
100 0.00011519999998199637 0.0003761999998914689 
150 0.00021440000000438886 0.006386100000099759 
170 0.00035570000000006985 0.0005424000000857632 
200 0.00020389999986036855 0.0006107000001520646 
250 0.0005652999998346786 0.0011724000000867818 
400 0.001970399999891015 0.0029888000001392356 
500 0.0025732999999945605 0.004854499999964901 
600 0.0047663999998803774 0.007405199999993783 
800 0.008753099999921687 0.012800400000060108 
1000 0.014038699999900928 0.037822300000016185 
2000 0.06142449999993005 0.20808680000004642 
5000 0.43670670000005885 2.9393093000001045 
10000 1.9081602000001112 18.848621999999978 
15000 6.646113600000035 73.28082040000004 
