2 0.1558786999999029 0.14642830000002505 
4 0.00031300000000555883 0.0005863999999746738 
10 0.0005834999999478896 8.769999999458378e-05 
15 0.0209061999998994 0.0002323000001069886 
20 0.002868799999987459 0.0018250000000534783 
30 4.7100000074351556e-05 0.0017537999999603926 
35 3.969999988839845e-05 0.001498200000014549 
40 0.00036199999999553256 0.0006071999998766842 
45 3.339999989293574e-05 0.0009461000001920183 
50 3.620000006776536e-05 0.0002701999999317195 
55 9.739999995872495e-05 0.000795899999957328 
60 4.2499999835854396e-05 0.0003530000001319422 
65 9.1999999995096e-05 0.002016899999944144 
80 0.00013230000013209064 0.0011491000000205531 
100 0.0004481000000851054 0.0003533999999945081 
150 0.00022530000001097505 0.0005888999999115185 
170 0.0006029000001035456 0.0009487999998327723 
200 0.0008423000001585024 0.0008155999998962216 
250 0.0006902000000081898 0.0010861999999178806 
400 0.001571100000091974 0.008087499999874126 
500 0.005001500000162196 0.007397299999865936 
600 0.005950600000005579 0.007742800000187344 
800 0.008836999999857653 0.016148300000168092 
1000 0.014535799999976007 0.03991949999999633 
2000 0.06953829999997652 0.21704030000000785 
5000 0.4718316999999388 2.616204400000015 
10000 1.5280442000000676 19.98097659999985 
15000 6.6411496000000625 69.11703790000001 
